B0001GZ3VE		2.584	4.300	5.026		0.515	0.447	0.038
B0001IU5HY		3.215	5.026	5.184		0.287	0.675	0.038
B0001K0RBQ		2.569	4.624	5.089		0.590	0.374	0.036
B0001NE340		3.619	5.307	4.940		0.869	0.111	0.021
B0001NE8OA		2.700	4.957	5.213		0.939	0.050	0.011
B0001NE9F8		2.704	4.638	5.041		0.778	0.195	0.027
B0001NEAD4		3.481	5.114	5.075		0.835	0.142	0.023
B0001WAO8U		2.929	4.811	5.192		0.740	0.230	0.029
B0001Y9VN2		3.249	4.967	5.240		0.403	0.558	0.039
B0001ZZQS0		3.211	5.281	5.069		0.197	0.772	0.031
B00020L78M		3.190	4.943	5.079		0.397	0.563	0.040
B00020V5A2		2.813	5.091	4.998		0.497	0.463	0.040
B00021D2TI		3.225	5.313	5.194		0.427	0.534	0.039
B00021D2UW		3.221	5.216	5.118		0.420	0.541	0.040
B000231GEO		3.265	5.228	5.424		0.551	0.411	0.038
B000231GF8		2.545	4.849	5.197		0.753	0.219	0.029
B00026RIQ6		2.966	4.620	5.035		0.585	0.378	0.037
B00028XJNA		2.786	4.962	5.155		0.753	0.218	0.029
B00028YSU8		3.001	4.787	5.266		0.170	0.797	0.033
B000296KW6		3.765	5.001	5.274		0.459	0.502	0.039
B00029P388		2.809	5.300	5.046		0.990	0.007	0.003
B00029T4D8		3.465	5.209	5.288		0.501	0.460	0.039
B00029TCP8		3.200	4.421	4.949		0.934	0.055	0.011
B00029TCS0		2.839	4.882	5.058		0.769	0.203	0.028
B0002ADQOU		2.869	5.314	5.106		0.452	0.509	0.039
B0002CRS9M		2.994	5.284	5.178		0.438	0.524	0.039
B0002E7DIQ		3.039	5.119	5.124		0.526	0.436	0.038
B0002HYCKA		3.638	5.369	5.284		0.424	0.537	0.039
B0002HYCMI		3.362	5.012	5.063		0.343	0.619	0.038
B0002JETO2		3.732	5.298	5.147		0.684	0.283	0.033
B0002N3OMG		3.212	5.129	5.430		0.611	0.353	0.036
B0002OT00U		3.360	5.216	5.015		0.538	0.423	0.039
B0002OZ018		2.865	5.219	5.310		0.434	0.526	0.040
B0002PR43O		3.533	4.914	5.008		0.230	0.736	0.034
B0002Q2OOM		3.611	5.310	5.207		0.621	0.342	0.037
B0002Q92V0		3.755	4.971	5.130		0.734	0.236	0.030
B0002U1SFE		3.679	4.984	5.242		0.333	0.628	0.038
B0002VAF3Y		3.224	5.650	5.073		0.593	0.368	0.038
B0002X7RYM		3.155	4.836	5.150		0.604	0.360	0.037
B0002XO5LK		3.355	4.734	5.577		1.000	0.000	0.000
B0002XO5M4		3.532	4.928	5.504		0.859	0.122	0.019
B0002ZOI9W		3.378	5.059	5.248		0.504	0.457	0.038
B00030088Q		3.139	5.143	5.098		0.486	0.474	0.040
B00030AZOS		3.667	5.101	5.087		0.612	0.352	0.036
B000324Y7U		3.469	4.870	5.221		0.407	0.553	0.040
B000324Y8E		2.803	4.817	5.095		0.560	0.403	0.037
B00063EDF4		2.935	4.914	5.221		0.227	0.737	0.036
B00064NYXU		3.278	4.785	5.403		0.536	0.426	0.038
B0006512GK		3.142	5.101	5.073		0.671	0.295	0.034
B00065H55W		3.035	5.250	5.219		0.193	0.775	0.032
B00067AUP2		3.079	5.120	5.227		0.721	0.247	0.031
B00067ELGG		4.748	4.679	5.588		0.292	0.691	0.016
B00067IYXW		2.787	5.190	5.019		0.840	0.137	0.023
B00068O22S		2.748	4.873	5.161		0.451	0.507	0.042
B0006B2Q9G		3.370	4.864	5.145		0.452	0.508	0.040
B0006BAJIG		3.219	5.172	5.093		0.334	0.627	0.039
B0006BAJNG		3.525	4.622	5.069		0.089	0.220	0.691
B0006FHB92		2.913	4.762	5.073		0.072	0.904	0.023
B0006FHBAQ		3.319	4.870	5.136		0.489	0.472	0.039
B0006FHBBA		3.403	4.842	5.256		0.373	0.587	0.040
B0006FHFYS		3.100	4.894	5.192		0.199	0.767	0.034
B0006HBRY0		3.491	5.310	5.383		0.447	0.513	0.040
B0006HBRYA		3.776	5.030	4.964		0.820	0.156	0.024
B0006HBS1M		3.059	5.268	5.091		0.516	0.446	0.038
B0006HJDQE		3.028	4.830	5.111		0.625	0.340	0.035
B00073HJGI		2.637	4.376	5.001		0.951	0.040	0.009
B000765NA4		3.235	5.159	5.154		0.732	0.237	0.031
B00078ANK2		3.362	4.819	5.180		0.291	0.671	0.038
B00078ZHPS		3.587	5.357	5.287		0.425	0.536	0.039
B0007CS4EU		3.134	4.946	5.045		0.384	0.578	0.039
B0007G6KEW		3.258	4.791	4.983		0.412	0.548	0.040
B0007ICPO4		2.888	4.842	4.995		0.798	0.176	0.026
B0007KMUH4		3.452	5.250	5.108		0.414	0.548	0.038
B0007LQKN8		2.562	4.719	4.942		0.799	0.175	0.026
B0007OD8SU		2.832	5.012	5.210		0.333	0.629	0.038
B0007V644S		3.216	4.953	5.310		0.281	0.681	0.038
B0007WHCZ2		3.169	5.287	5.894		0.579	0.385	0.036
B0007WWZKY		3.504	4.810	5.353		0.784	0.190	0.026
B0007WX0EY		3.367	5.214	5.302		0.238	0.728	0.034
B0007XTN6M		2.688	4.876	4.847		0.514	0.447	0.039
B0007YDCKY		3.510	5.541	5.220		0.383	0.579	0.038
B000809NVE		3.278	5.003	5.073		0.968	0.025	0.007
B00081J3JU		3.069	5.304	5.046		0.910	0.075	0.016
B00081J3N6		2.919	5.014	5.204		0.153	0.816	0.030
B00081J3NQ		2.345	5.378	5.128		0.687	0.279	0.034
B00081J3OU		3.042	5.383	5.099		0.364	0.599	0.038
B00081L2Q2		2.961	4.926	5.162		0.729	0.240	0.030
B00081MHI4		3.153	5.528	5.218		0.639	0.325	0.036
B0008JIL3G		3.859	4.831	4.940		0.499	0.462	0.038
B00092A7E8		2.975	5.166	5.168		0.438	0.522	0.040
B00095LIP2		3.352	5.111	5.296		0.478	0.484	0.038
B0009A3I5K		2.860	5.126	5.017		0.725	0.244	0.031
B0009A4FBQ		3.274	4.853	5.009		0.670	0.296	0.034
B0009DPILE		2.883	5.274	5.200		0.615	0.348	0.036
B0009ET49K		3.295	4.772	5.180		0.261	0.702	0.037
B0009ET7RO		3.110	4.344	5.078		0.832	0.146	0.021
B0009ET94A		3.279	4.928	5.060		0.321	0.640	0.039
B0009EXN10		2.831	4.912	4.867		0.521	0.440	0.039
B0009EYS5A		3.764	5.301	5.577		0.284	0.679	0.037
B0009F3OIG		3.470	5.251	4.958		0.288	0.677	0.035
B0009FIMPG		2.955	4.977	5.260		0.634	0.331	0.035
B0009HXY0W		3.882	5.103	5.041		0.667	0.299	0.034
B0009JOSNC		3.411	5.050	5.373		0.723	0.247	0.031
B0009JOSNM		3.472	4.997	5.383		0.634	0.332	0.035
B0009JOSNW		3.462	5.057	5.248		0.780	0.193	0.027
B0009KF8CG		2.570	5.729	4.948		0.601	0.361	0.038
B0009MASHO		3.208	5.802	4.862		0.888	0.093	0.019
B0009OD1DK		3.227	4.104	5.201		0.764	0.211	0.025
B0009QYTIE		3.491	5.108	5.245		0.409	0.551	0.040
B0009QYTIY		3.534	5.192	5.254		0.498	0.462	0.039
B0009RG8WS		3.259	5.342	5.378		0.386	0.575	0.040
B0009RG8XW		3.633	5.554	5.591		0.523	0.438	0.039
B0009RNXNK		3.197	5.007	5.141		0.697	0.270	0.033
B0009RNXO4		3.709	5.117	5.090		0.379	0.583	0.038
B0009UBSFC		2.609	4.777	5.167		1.000	0.000	0.000
B0009UBSFM		3.303	4.888	5.254		0.780	0.193	0.027
B0009V0TBU		3.407	5.409	5.116		0.668	0.297	0.035
B0009XAHZQ		3.007	4.600	5.105		0.274	0.688	0.038
B0009XBX4K		3.466	5.104	5.152		0.397	0.565	0.039
B0009XBXIQ		3.403	5.280	5.090		0.704	0.263	0.032
B0009Y8JNW		3.032	5.193	5.176		0.269	0.696	0.036
B0009YSFP4		3.299	5.119	5.286		0.679	0.288	0.033
B000A6KOW8		2.824	5.037	5.028		0.533	0.429	0.038
B000A7SYNS		3.216	5.124	5.105		0.617	0.347	0.036
B000A88JYQ		3.110	4.862	5.181		0.304	0.658	0.038
B000A88JZ0		2.937	4.909	5.020		0.760	0.212	0.029
B000A88JZA		2.769	5.568	5.078		0.514	0.447	0.039
B000A88JZU		2.699	5.077	5.148		0.496	0.465	0.039
B000AV5LZ8		2.902	5.142	5.269		0.615	0.348	0.037
B000AV7O4O		3.081	5.229	5.161		0.571	0.391	0.038
B000AVKOPK		2.690	4.207	5.089		0.809	0.168	0.023
B000B4SPWA		3.286	5.081	5.053		0.825	0.151	0.024
B000B4SVM4		2.883	4.882	5.459		0.452	0.509	0.039
B000B5PC20		2.982	5.109	5.247		0.943	0.047	0.011
B000BD6M1M		3.628	5.150	5.200		0.597	0.367	0.036
B000BGFI82		3.367	5.120	5.135		0.449	0.512	0.039
B000BH79HY		2.524	4.799	5.114		1.000	0.000	0.000
B000BK8RHM		3.044	4.065	5.171		0.895	0.091	0.014
B000BK8RI6		3.300	4.572	5.093		0.596	0.368	0.036
B000BKPGEE		3.301	5.103	5.249		0.787	0.186	0.027
B000BKTEYC		3.785	5.247	5.531		0.484	0.477	0.039
B000BMBU7O		3.460	5.063	5.057		0.741	0.229	0.030
B000BN63KM		3.027	5.098	4.821		0.622	0.341	0.037
B000BNQC58		3.505	5.083	5.209		0.319	0.644	0.037
B000BOKAKA		3.310	4.875	5.122		0.449	0.512	0.039
B000BPMJR6		3.234	5.151	5.193		0.632	0.332	0.036
B000BPMJSK		2.846	4.832	4.810		0.689	0.278	0.033
B000BPMJVM		3.160	5.231	5.170		0.541	0.421	0.038
B000BPMJW6		3.646	5.194	5.255		0.905	0.080	0.016
B000BPNAKQ		3.208	5.007	4.828		0.695	0.272	0.033
B000BPQH4C		3.136	4.603	5.082		0.816	0.161	0.024
B000BTLJL4		3.560	5.239	5.230		0.404	0.556	0.040
B000BUQNXW		3.353	6.431	5.397		0.451	0.508	0.040
B000BUTCOO		3.273	5.061	5.243		0.405	0.555	0.040
B000BV9Q80		3.591	5.442	5.339		0.530	0.431	0.039
B000BVAQJI		3.302	5.136	5.203		0.075	0.904	0.022
B000BW51UQ		3.711	5.376	5.285		0.311	0.652	0.037
B000BX44RG		3.823	4.616	5.110		0.589	0.375	0.036
B000BXHPEU		2.913	5.217	5.202		0.597	0.366	0.037
B000BXJZDY		3.289	4.917	4.998		0.300	0.662	0.038
B000BXKTMA		2.862	5.174	5.043		0.222	0.744	0.033
B000BYCC4M		2.834	5.214	4.892		0.458	0.503	0.039
B000C13SXI		2.757	5.185	5.190		0.282	0.682	0.036
B000C29JYE		3.379	4.978	5.067		0.614	0.351	0.036
B000CCEWBY		3.210	4.973	4.964		0.735	0.234	0.031
B000CDPHIK		2.750	4.450	5.310		0.994	0.005	0.001
B000COY136		3.731	5.055	5.038		0.436	0.524	0.040
B003WG0040		3.539	5.172	5.122		0.785	0.188	0.027
B003WIYNY6		3.373	5.211	4.990		0.263	0.702	0.035
B003WIYO0Y		3.188	5.352	5.170		0.468	0.494	0.039
B003WKW6J8		2.959	5.030	5.217		0.538	0.423	0.039
B003WKZ4Y2		3.124	4.724	4.981		0.607	0.357	0.036
B003X3R6TO		3.407	5.219	5.029		0.355	0.606	0.039
B003XMWF2S		3.958	5.385	5.319		0.593	0.371	0.037
B003XMWF8W		3.851	4.624	5.218		0.133	0.809	0.058
B003XMWFAK		2.900	5.106	5.202		0.594	0.370	0.037
B003XMWFAU		2.958	5.170	5.308		0.506	0.455	0.039
B003XT43MG		3.401	5.379	5.158		0.269	0.694	0.037
B003Y53YR4		2.894	5.249	5.077		0.741	0.229	0.030
B003YC0W7W		2.507	4.795	5.131		0.602	0.362	0.036
B003YC0W86		2.718	4.995	5.114		0.619	0.346	0.036
B003YC0W8G		2.583	4.862	5.124		0.285	0.678	0.037
B003YDWU2Q		3.360	4.992	5.141		0.394	0.567	0.039
B003YF1XPY		4.462	4.945	5.144		0.317	0.644	0.039
B003YFHZI8		2.883	5.417	5.066		0.554	0.408	0.038
B003YLGBBY		3.149	4.667	4.721		0.605	0.358	0.036
B003YNL6M6		3.337	5.175	5.235		0.572	0.389	0.038
B003YV3S1A		2.744	5.131	5.041		0.952	0.038	0.009
B003YVTSMS		3.566	4.573	4.906		0.721	0.249	0.030
B003Z6Q3V6		3.316	4.920	5.195		0.388	0.573	0.039
B003ZFPRHS		3.132	5.134	5.126		0.375	0.586	0.039
B003ZL71VC		3.212	5.195	5.183		0.711	0.257	0.033
B003ZUXBBC		2.816	4.648	5.079		0.447	0.513	0.040
B003ZUXQVW		3.944	4.713	5.236		0.144	0.813	0.043
B003ZUXQXU		3.612	5.401	5.180		0.443	0.518	0.039
B003ZUXU40		3.110	4.891	5.113		0.801	0.173	0.026
B003ZUXU4U		2.910	4.723	5.061		0.606	0.358	0.036
B003ZYE7F2		3.870	5.219	5.063		0.377	0.586	0.037
B003ZYE7FC		2.736	4.918	4.969		0.472	0.488	0.040
B003ZYEEDM		2.507	4.023	5.013		0.944	0.047	0.009
B004044LD4		3.378	5.249	5.035		0.438	0.523	0.040
B00404AKR0		2.816	4.919	5.260		0.660	0.306	0.034
B004071ZJ4		3.050	5.196	5.024		0.749	0.221	0.030
B004071ZR6		2.605	4.366	5.311		0.324	0.636	0.040
B0040A12VW		3.305	5.219	5.002		0.497	0.465	0.039
B0040E9K30		2.800	6.326	5.161		0.505	0.455	0.041
B0040GJ0UG		3.512	4.968	5.132		0.441	0.521	0.039
B0040GJ0UQ		3.619	5.390	5.220		0.524	0.437	0.038
B0040GJ0VU		3.068	5.293	5.209		0.456	0.504	0.040
B0040J3H02		3.237	5.131	5.214		0.070	0.908	0.022
B0040JZ2RS		2.901	5.187	5.077		0.773	0.199	0.028
B0040JZ4VC		3.175	5.343	5.066		0.560	0.401	0.039
B0040K4K2A		3.082	5.006	4.952		0.262	0.702	0.036
B004184QAW		2.988	5.190	5.068		0.650	0.314	0.036
B0041F2CDI		3.710	4.759	5.089		0.545	0.418	0.038
B0041F49Z2		4.164	5.002	5.121		0.604	0.360	0.036
B0041H2V7S		3.070	4.953	4.972		0.730	0.239	0.031
B0041IYOFE		3.426	5.150	5.103		0.417	0.543	0.040
B0041Q2V4W		3.050	4.668	5.126		0.175	0.790	0.034
B0041Q3KDI		3.124	4.857	5.001		0.976	0.019	0.005
B004201GHK		3.650	5.165	5.392		0.408	0.553	0.039
B004203QQ4		3.590	5.618	5.216		0.605	0.357	0.038
B00422M5I2		2.794	5.139	5.063		0.342	0.619	0.039
B00423A60U		3.455	4.728	5.331		0.223	0.739	0.038
B0042A5ZVS		2.814	3.519	5.132		0.538	0.425	0.037
B0042AIHMW		1.000	4.578	5.025		1.000	0.000	0.000
B0042D69UQ		3.348	5.093	5.088		0.379	0.583	0.038
B0042D69V0		3.556	5.019	5.365		0.432	0.529	0.039
B0042D69VA		3.531	5.211	5.184		0.323	0.640	0.037
B0042D69WO		3.027	5.078	5.628		0.503	0.458	0.039
B0042D69WY		3.068	5.051	5.232		0.337	0.625	0.038
B0042D69XS		3.288	4.923	5.226		0.398	0.563	0.039
B0042D69YM		3.111	5.113	5.186		0.376	0.584	0.039
B0042D6CHQ		3.551	5.152	4.952		0.402	0.560	0.038
B0042FWN40		3.168	4.501	5.008		0.391	0.570	0.040
B0042G7FVA		3.094	5.282	5.298		0.510	0.452	0.039
B0042G8YCY		2.666	4.758	4.944		0.450	0.510	0.040
B0042LRRRM		5.020	5.090	5.080		1.000	0.000	0.000
B0042MEQ7A		3.800	5.641	5.261		0.340	0.621	0.038
B0042RU2SW		3.641	5.077	5.141		0.316	0.646	0.037
B0042RU2TQ		3.237	4.920	5.396		0.608	0.356	0.036
B0042RU2UA		3.578	5.374	5.277		0.490	0.471	0.039
B0042RU2UU		4.435	5.379	5.714		0.566	0.397	0.037
B0042RU31I		3.132	4.759	5.190		0.281	0.681	0.038
B0042TO3NK		3.286	4.994	5.048		0.317	0.646	0.037
B004305JHC		2.484	5.117	5.009		0.347	0.614	0.039
B004399AF0		3.907	6.302	5.014		0.778	0.192	0.029
B0043C5XYY		2.986	5.137	5.266		0.193	0.774	0.033
B0043D28AU		4.074	5.197	5.363		0.515	0.447	0.038
B0043D28D2		3.797	5.289	5.180		0.325	0.638	0.037
B0043D2A9O		2.519	5.044	5.077		0.744	0.226	0.030
B0043G1MH2		3.364	5.233	5.241		0.454	0.507	0.039
B0043G5T08		3.879	5.254	5.174		0.645	0.319	0.035
B0043G8OXC		3.616	5.010	5.157		0.490	0.471	0.040
B0043IS18I		2.944	5.101	5.033		0.576	0.388	0.037
B0043VT9DG		3.183	5.178	5.086		0.307	0.656	0.037
B0043XBDQU		3.038	5.489	5.212		0.331	0.631	0.038
B0043XCYL8		3.389	5.424	5.182		0.623	0.341	0.036
B0043XYXKI		3.192	5.316	5.283		0.441	0.520	0.040
B0043YVL7U		3.009	5.147	5.519		0.712	0.257	0.031
B00440CZ7I		2.894	4.844	5.227		0.096	0.877	0.027
B00440CZSC		3.484	5.272	5.129		0.656	0.310	0.035
B00440CZTQ		2.764	4.916	5.033		0.697	0.271	0.032
B00440CZXM		2.624	4.906	5.059		0.426	0.535	0.039
B00440D00E		3.358	4.975	4.930		0.912	0.073	0.015
B00440D018		3.265	6.317	5.312		0.782	0.189	0.029
B0044R7G5M		3.003	4.885	5.083		0.607	0.357	0.036
B0044R7HYM		3.062	4.997	5.324		0.522	0.439	0.039
B0044R7I00		3.325	4.981	4.988		0.509	0.452	0.038
B00451ACV2		3.038	5.177	5.276		0.459	0.502	0.040
B00457X7D6		3.124	4.929	5.372		0.191	0.774	0.035
B00457X7DG		3.160	5.023	5.243		0.820	0.156	0.024
B00457X7E0		3.070	4.889	5.101		0.767	0.205	0.028
B0045I6IA4		3.771	4.998	5.203		0.482	0.479	0.039
B0045I9H5M		2.723	5.058	5.098		0.625	0.338	0.036
B0045JKUU2		3.173	5.109	5.117		0.342	0.621	0.038
B0045OW4LA		3.136	5.095	5.177		0.427	0.533	0.040
B0045VA3SO		3.327	5.286	5.269		0.504	0.456	0.039
B0045Y140M		3.625	5.286	5.297		0.429	0.531	0.040
B0045Y15AQ		3.545	5.101	5.312		0.515	0.446	0.039
B00466H25A		3.341	5.130	5.103		0.073	0.907	0.021
B00466YF9G		3.035	5.918	5.147		0.462	0.498	0.040
B0046CASUK		3.743	5.267	5.034		0.357	0.606	0.037
B0046N26YU		3.579	5.076	4.895		0.232	0.733	0.035
B0046QDV32		3.075	5.034	5.109		0.411	0.550	0.039
B0046S4N5A		2.461	4.619	4.972		0.755	0.217	0.029
B00474BM66		3.167	5.232	5.146		0.656	0.309	0.035
B00474CUTO		3.128	5.008	5.080		0.394	0.566	0.040
B00477ND0Q		3.408	5.078	5.538		0.617	0.348	0.035
B00478UG46		2.814	4.264	5.123		0.654	0.313	0.033
B0047DOE5S		3.704	5.367	5.552		0.545	0.417	0.038
B0047EBM9I		4.063	5.177	6.165		0.808	0.169	0.023
B0047O3Y26		3.146	5.151	5.147		0.259	0.705	0.036
B0047PAHUW		3.925	5.393	5.488		0.465	0.496	0.039
B0047RARG4		3.813	5.204	5.527		0.154	0.814	0.032
B0047RI5YU		2.866	4.608	5.167		0.888	0.095	0.017
B0047WGOLQ		3.214	4.824	5.152		0.208	0.757	0.035
B0047XZ8SK		3.250	5.243	5.090		0.275	0.690	0.035
B0047ZG8SM		2.943	5.366	5.192		0.602	0.360	0.037
B00483GAJU		3.175	5.108	4.928		0.442	0.518	0.040
B0048NDAH0		4.616	5.504	5.127		0.695	0.273	0.033
B0048NT8UI		3.331	5.328	5.090		0.577	0.386	0.037
B0048SOBGO		3.575	5.497	5.193		0.441	0.521	0.038
B00494DNZC		3.944	5.220	5.184		0.844	0.134	0.022
B00499CNWQ		3.452	5.063	5.360		0.754	0.217	0.029
B00499CO70		3.291	5.193	5.158		0.627	0.338	0.036
B00499DRZI		3.156	5.171	5.138		0.857	0.122	0.021
B0049E1KQG		3.404	5.050	5.018		0.458	0.502	0.040
B0049M9OY8		3.027	4.674	5.157		0.568	0.395	0.038
B0049NYYJ2		4.006	5.525	5.266		0.597	0.367	0.037
B0049NYYQK		3.023	5.404	5.091		0.711	0.256	0.032
B0049O0YWC		3.930	5.402	5.010		0.407	0.556	0.037
B0049SP08Q		3.269	5.013	5.203		0.413	0.547	0.040
B0049SP0AE		3.675	5.884	5.447		0.468	0.493	0.039
B0049U1VQ4		3.350	5.477	5.392		0.223	0.744	0.033
B0049U5UEI		3.153	5.589	5.303		0.340	0.623	0.037
B0049U5UG6		2.898	5.138	5.157		0.211	0.755	0.035
B0049YS46K		3.738	4.920	5.259		0.184	0.782	0.034
B004A15YSI		3.990	5.589	5.261		0.553	0.409	0.038
B004A5I6QQ		3.756	4.903	4.911		0.700	0.267	0.032
B004A9ZF3Y		3.201	5.006	5.255		0.359	0.602	0.039
B004AHKUHM		2.733	4.918	5.192		0.505	0.456	0.039
B004AHKUHW		2.636	5.891	5.515		0.745	0.225	0.031
B004AHMCKA		3.352	4.844	5.120		0.403	0.557	0.040
B004AHMCKK		2.571	4.973	5.108		0.823	0.153	0.024
B004AHMCKU		3.629	5.397	5.119		0.220	0.749	0.032
B004AHMCLY		3.924	4.899	5.014		0.466	0.495	0.039
B004AHMCMI		3.257	5.094	5.283		0.557	0.404	0.038
B004ALNH9Q		3.675	5.502	5.214		0.487	0.473	0.040
B004AMVVJI		2.653	5.235	4.976		0.595	0.368	0.037
B004ANB21Y		2.853	5.181	5.152		0.441	0.519	0.040
B004ARX754		4.142	4.972	5.260		0.666	0.301	0.033
B004AV7MGA		3.593	5.642	5.351		0.308	0.655	0.038
B004AVVEQO		3.180	5.277	5.311		0.355	0.605	0.039
B004AYS3I8		2.698	5.399	4.971		0.831	0.144	0.025
B004B1N6ZU		2.703	4.683	5.056		0.749	0.222	0.029
B004B1OYK6		3.038	5.161	5.295		0.196	0.772	0.032
B004B762AK		2.719	5.025	5.090		0.396	0.564	0.040
B004BDNKCC		3.162	5.377	5.315		0.204	0.764	0.032
B004BDNKEU		3.097	5.217	5.045		0.335	0.627	0.039
B004BDOIRS		3.734	5.720	5.106		0.435	0.527	0.038
B004BDOIXW		3.579	5.495	5.234		0.402	0.559	0.038
B004BJ0SN0		2.534	4.903	4.972		0.541	0.421	0.038
B004BNH7Y4		3.362	4.999	4.777		0.537	0.424	0.039
B004BSFC46		3.308	5.014	4.983		0.535	0.427	0.038
B004BSFC50		3.302	4.804	5.173		0.088	0.360	0.551
B004BU3CDW		2.616	5.184	5.047		0.348	0.613	0.039
B004BUYLJ6		3.762	6.142	4.984		0.726	0.240	0.034
B004C053AG		3.324	4.653	5.145		0.313	0.647	0.040
B004C053BU		2.772	5.195	5.063		0.079	0.900	0.021
B004C053CY		3.250	4.808	5.047		0.259	0.705	0.037
B004C43JJ4		3.423	5.207	5.221		0.290	0.674	0.036
B004C43XMW		3.183	4.686	5.204		0.391	0.569	0.039
B004CJ9D44		2.439	4.895	5.064		0.706	0.262	0.032
B004CJ9D6W		2.360	4.767	5.065		0.943	0.047	0.010
B004CL9YEQ		3.087	5.515	4.881		0.753	0.216	0.030
B004CL9YHS		3.354	5.094	5.187		0.454	0.507	0.039
B004CL9YZU		2.944	5.156	5.071		0.387	0.575	0.038
B004CLBWY6		3.001	5.300	5.014		0.473	0.487	0.040
B004CLBX0Y		3.585	4.500	4.892		0.454	0.507	0.039
B004CLBX2M		2.933	5.261	4.951		0.455	0.506	0.039
B004CLD3TI		3.079	4.951	5.103		0.653	0.312	0.035
B004CLYYL4		3.304	5.030	5.363		0.656	0.309	0.035
B004CLZH9W		2.582	4.796	5.078		0.622	0.342	0.036
B004CLZHA6		2.447	4.869	4.933		0.918	0.068	0.014
B004CSJK52		3.390	5.154	5.131		0.528	0.433	0.039
B004CSNG6G		3.428	5.212	4.992		0.639	0.326	0.035
B004DC9OBM		4.185	4.869	5.054		0.549	0.413	0.037
B004DC9T8A		3.520	5.125	5.195		0.391	0.570	0.039
B004DC9TA8		3.380	5.281	5.178		0.326	0.635	0.038
B004DC9TCQ		3.111	5.162	5.087		0.273	0.692	0.035
B004DFO57M		3.047	5.112	5.229		0.230	0.735	0.035
B004DIMORM		3.145	5.396	5.080		0.311	0.651	0.038
B004DN8HLO		3.374	4.800	5.248		0.699	0.270	0.032
B004E2H3PA		2.641	4.633	5.008		0.532	0.429	0.039
B004E9SW7G		2.853	5.102	5.092		0.661	0.304	0.035
B004E9SW7Q		2.728	5.565	4.992		0.901	0.082	0.017
B004EBUX8K		3.003	5.283	5.175		0.420	0.541	0.039
B004ECJWK4		3.010	5.158	5.094		0.288	0.676	0.036
B004EFC6JU		3.252	5.197	5.132		0.557	0.405	0.038
B004EFC6MC		2.597	5.326	5.687		0.399	0.562	0.039
B004EPYQIY		4.065	5.499	5.041		1.000	0.000	0.000
B000CP2X9O		3.762	4.999	5.156		0.315	0.646	0.039
B000CRQWXK		2.980	5.032	5.431		0.592	0.371	0.037
B000CSBP9K		3.004	5.505	4.949		0.382	0.579	0.039
B000DZS7WU		2.949	5.237	5.202		0.595	0.369	0.037
B000DZTS2I		3.311	5.079	5.050		0.574	0.388	0.037
B000DZUCDC		3.419	5.224	5.422		0.366	0.595	0.039
B000DZZBLK		2.650	4.985	5.124		0.317	0.644	0.038
B000E0KN5I		2.401	4.696	5.029		0.548	0.414	0.038
B000E18M2I		3.246	5.107	5.497		0.388	0.572	0.040
B000E82WRM		3.000	4.684	5.098		0.705	0.264	0.031
B000E84C20		3.335	4.926	5.211		0.229	0.734	0.036
B000E89BNU		3.034	4.751	5.149		0.914	0.072	0.014
B000E9TCYW		2.730	4.936	5.267		0.624	0.340	0.036
B000EGEWSQ		3.637	5.509	5.322		0.482	0.480	0.039
B000EGZ2SA		4.103	4.676	5.140		0.627	0.339	0.034
B000EGZ40G		3.288	4.679	5.073		0.396	0.564	0.039
B000EI8L0O		3.326	5.048	5.178		0.291	0.673	0.037
B000ELIXXQ		3.185	5.193	5.087		0.095	0.882	0.023
B000ELQVCQ		3.417	4.741	5.208		0.819	0.158	0.023
B000EM7KVG		3.626	5.136	5.128		0.519	0.442	0.039
B000EMBO90		3.944	5.361	5.030		0.623	0.342	0.036
B000EMLB9I		3.911	5.382	5.527		0.417	0.543	0.040
B000EOEAUS		3.137	5.118	5.172		0.703	0.264	0.033
B000ETTVWA		3.281	5.751	5.262		0.702	0.264	0.033
B000EUMONM		3.226	4.665	5.332		0.342	0.618	0.040
B000EYF71Y		3.442	5.398	5.174		0.768	0.203	0.029
B000F1MBQ0		2.897	5.025	5.098		0.558	0.404	0.038
B000F1MX68		3.485	5.180	5.167		0.495	0.466	0.039
B000F1O8JI		3.669	5.271	5.132		0.440	0.522	0.038
B000F1O8T8		2.948	5.413	5.056		0.581	0.382	0.037
B000F1OPZ0		3.478	5.206	5.099		0.118	0.857	0.025
B000F1OQPO		2.812	4.982	5.049		0.300	0.663	0.037
B000F1QVJS		2.971	4.830	5.038		0.650	0.315	0.035
B000F1QVL6		3.086	4.555	5.021		0.818	0.159	0.023
B000F6R3TU		2.977	4.934	5.042		0.561	0.401	0.037
B000FAKYRY		2.479	5.099	5.236		0.548	0.413	0.038
B000FCW15U		4.071	5.320	5.276		0.255	0.710	0.035
B000FFL58Q		3.674	4.846	5.220		0.294	0.668	0.038
B000FFS9VM		3.217	5.069	5.203		0.728	0.242	0.031
B000FGEVF4		3.102	5.122	5.075		0.224	0.741	0.035
B000FGG8TG		3.470	5.074	5.123		0.399	0.561	0.040
B000FI0HUU		2.803	5.067	4.965		0.284	0.679	0.037
B000FL5090		3.915	5.756	4.967		0.462	0.499	0.039
B000FMQWS2		3.830	4.892	4.959		0.621	0.344	0.035
B000FO4KTS		3.221	4.851	5.125		0.875	0.106	0.019
B000FOTA9S		2.552	4.781	5.050		0.950	0.041	0.009
B000FP7M60		3.913	5.610	5.516		0.490	0.471	0.039
B000FR99ZK		3.134	4.717	5.018		0.382	0.579	0.040
B000FT7NQU		3.386	5.256	5.124		0.385	0.576	0.039
B000FT7NU6		3.621	5.202	5.109		0.293	0.670	0.037
B000FT7NVK		3.670	4.869	5.407		0.146	0.819	0.036
B000FT7NXS		3.391	5.277	5.132		0.518	0.443	0.038
B000FT7NYM		3.497	5.330	5.124		0.365	0.596	0.039
B000FTD1T8		2.827	5.144	5.056		0.708	0.259	0.032
B000FTDWFQ		4.254	5.026	5.541		0.491	0.471	0.039
B000FXW24O		3.241	5.432	5.044		0.647	0.317	0.035
B000G0HF16		3.471	5.500	5.193		0.364	0.597	0.039
B000G0IPNI		3.443	5.014	5.086		0.488	0.473	0.039
B000G0J5FU		3.298	4.986	5.173		0.437	0.523	0.040
B000G16JWQ		3.597	5.162	4.911		0.311	0.654	0.036
B000G1BUE8		3.494	5.259	5.119		0.513	0.448	0.039
B000G1YW98		3.383	4.821	5.105		0.380	0.581	0.039
B000G22Y7O		3.586	4.350	4.941		0.804	0.173	0.023
B000G3CXW4		3.376	5.215	5.336		0.367	0.594	0.039
B000G6BZJI		3.069	5.163	5.102		0.614	0.350	0.036
B000G7NKXQ		3.859	5.275	5.370		0.298	0.664	0.038
B000G7WU50		2.808	4.858	5.072		0.747	0.224	0.029
B000G7WU5K		3.478	5.374	5.046		0.507	0.454	0.039
B000G7WYNI		3.862	4.879	5.309		0.938	0.051	0.010
B000G7YLZW		3.335	5.284	5.109		0.335	0.628	0.037
B000G80R22		3.909	5.732	5.335		0.558	0.404	0.039
B000G80R2W		2.739	5.037	5.062		0.495	0.465	0.040
B000G80T3O		4.082	5.580	5.446		0.505	0.456	0.039
B000GB0NZK		3.206	5.028	4.994		0.638	0.327	0.035
B000GB0O0Y		2.739	4.656	4.916		0.867	0.114	0.020
B000GB1ZDE		2.353	4.998	4.950		0.971	0.023	0.006
B000GBGO26		3.270	5.019	5.232		0.397	0.563	0.040
B000GCE5C6		3.416	4.884	4.998		0.225	0.741	0.035
B000GCL4O8		4.286	4.521	5.179		1.000	0.000	0.000
B000GCL4SE		2.716	4.006	5.441		0.978	0.018	0.004
B000GCL5NI		3.210	5.230	5.053		0.390	0.570	0.039
B000GE1MEI		2.896	4.922	5.043		0.568	0.394	0.038
B000GE6S6A		2.994	4.860	5.097		0.763	0.209	0.028
B000GE6W2K		2.854	4.598	5.116		0.583	0.380	0.037
B000GE8VJW		2.896	5.075	5.072		0.407	0.554	0.039
B000GEA1IG		3.369	5.022	5.091		0.866	0.114	0.020
B000GEA1U4		3.076	5.037	5.236		0.294	0.669	0.037
B000GFWTQC		3.718	5.469	5.430		0.267	0.698	0.035
B000GFWTQM		3.560	5.972	5.407		0.532	0.430	0.038
B000GGD3O8		3.634	4.874	5.086		0.596	0.367	0.037
B000GIBZEG		2.927	5.071	5.008		0.517	0.444	0.038
B000GJIE4E		3.973	5.385	5.382		0.511	0.451	0.038
B000GK5XY2		3.504	5.052	5.126		0.886	0.096	0.018
B000GK7AMU		3.604	4.992	4.888		0.544	0.418	0.038
B000GKU7C0		3.401	4.874	5.270		0.319	0.643	0.038
B000GKWA66		3.293	5.008	5.193		0.540	0.422	0.038
B000GLK6G6		3.197	5.182	5.465		0.223	0.743	0.035
B000GOUUR8		3.287	5.040	5.284		0.321	0.640	0.039
B000GUZC2A		3.042	4.779	5.237		0.685	0.283	0.032
B000GWQQE6		3.691	6.066	5.454		0.579	0.382	0.039
B000GWWA8C		3.431	4.907	5.402		0.174	0.791	0.035
B000GX31F2		3.317	5.029	5.212		0.570	0.393	0.037
B000GYT7SQ		3.255	5.526	5.414		0.544	0.417	0.039
B000H1IYXW		3.080	5.142	5.076		0.628	0.336	0.036
B000H1MRJO		3.773	5.246	5.049		0.509	0.453	0.038
B000H3YFSI		4.889	4.715	4.268		0.316	0.558	0.126
B000H4O8IO		3.130	5.190	5.073		0.463	0.498	0.039
B000H6P8WC		3.124	4.950	5.061		0.248	0.716	0.035
B000H6UXNG		3.284	5.051	4.978		0.405	0.556	0.040
B000H6UXOK		2.885	5.190	5.073		0.569	0.394	0.038
B000H8D5Q6		3.716	5.126	5.187		0.799	0.175	0.026
B000H953Y2		3.299	4.862	5.096		0.266	0.697	0.037
B000HBMVO0		3.140	4.875	5.106		0.625	0.339	0.036
B000HBVKA6		3.069	5.101	5.151		0.444	0.516	0.040
B000HCMUDQ		3.457	5.792	5.020		0.685	0.281	0.034
B000HCMUJU		2.947	5.159	5.313		0.527	0.434	0.039
B000HCX5EY		3.119	4.926	4.881		0.461	0.499	0.040
B000HED5MO		2.773	5.294	5.260		0.662	0.304	0.034
B000HEE73K		3.269	5.018	5.459		0.289	0.673	0.038
B000HI3YOO		2.880	4.896	4.958		1.000	0.000	0.000
B000HIP352		3.464	4.908	5.639		0.590	0.373	0.037
B000HIP38Y		3.129	4.806	5.122		0.438	0.523	0.039
B000HK6BCE		2.996	4.995	5.166		0.886	0.097	0.018
B000HKGDAE		3.431	4.742	5.166		0.917	0.069	0.013
B000HKYKT0		3.291	4.515	5.202		0.443	0.517	0.040
B000HL2JOC		3.162	5.271	5.201		0.860	0.119	0.021
B000HZBZBG		3.425	4.901	5.457		0.335	0.626	0.039
B000HZEQSU		3.204	4.900	5.157		0.333	0.628	0.039
B000HZF0W6		1.818	4.789	5.199		0.995	0.004	0.001
B000HZI1QS		3.629	5.027	5.130		0.416	0.546	0.039
B000HZI1R2		3.121	4.899	5.097		0.347	0.615	0.038
B000I0XNGK		3.556	4.886	5.243		0.582	0.382	0.036
B000I1Q59G		4.278	5.136	5.087		0.667	0.299	0.034
B000I2MRHO		3.434	4.991	5.105		0.392	0.570	0.039
B000I2MRJC		3.444	4.731	5.232		0.640	0.326	0.034
B000I2MRLK		3.644	5.109	5.365		0.344	0.617	0.038
B000I2MRLU		4.012	5.257	5.460		0.480	0.481	0.039
B000I2Q0C2		3.189	4.685	5.114		0.929	0.059	0.012
B000I2Q0F4		3.866	5.294	5.462		0.337	0.626	0.038
B000I2Q0FO		4.385	5.425	5.262		0.770	0.201	0.028
B000I2WAY4		2.851	4.948	5.155		0.467	0.494	0.039
B000I2WB6G		3.469	4.938	5.297		0.509	0.453	0.038
B000I5H5JQ		2.665	4.670	5.082		0.154	0.814	0.032
B000I5Q19Q		2.985	4.878	5.248		0.497	0.464	0.039
B000I5REU6		3.242	5.114	5.562		0.540	0.422	0.038
B000I62M84		3.276	5.409	5.063		0.361	0.600	0.039
B000I6PX1M		2.819	4.831	4.976		0.627	0.337	0.035
B000I8WNT0		2.651	5.055	5.303		0.526	0.435	0.039
B000IAJWP6		3.046	5.038	4.991		0.621	0.343	0.036
B000IAOIQY		2.920	4.933	5.057		0.796	0.178	0.026
B000ID1FN0		3.002	4.793	5.403		0.970	0.024	0.006
B000IDSLOG		3.352	5.206	5.231		0.511	0.448	0.041
B000IF7JYC		3.545	5.713	5.153		0.319	0.643	0.038
B000IROMPY		4.151	5.788	5.332		1.000	0.000	0.000
B000IZSJZ0		3.002	4.418	6.371		0.901	0.086	0.013
B000J1OOJI		3.094	4.770	5.062		0.632	0.333	0.036
B000J2Q526		3.029	4.632	5.073		0.776	0.197	0.027
B000J45XAO		2.605	4.639	5.012		0.567	0.396	0.037
B000J4980U		3.298	5.087	5.131		0.927	0.060	0.013
B000J6CDY6		3.486	5.131	5.245		0.465	0.496	0.039
B000JFEV1K		3.400	5.281	5.238		0.449	0.512	0.039
B000JFMKEK		2.837	5.079	5.078		0.679	0.287	0.034
B000JIDACS		3.196	5.219	5.289		0.549	0.413	0.038
B000JIHP88		3.498	4.784	5.055		0.425	0.534	0.040
B000JIMVV4		3.586	4.515	5.237		0.133	0.803	0.065
B000JKPZVK		2.744	4.870	5.373		0.807	0.168	0.025
B000JM4R8U		3.833	5.238	5.271		0.414	0.548	0.039
B000JOOG9I		4.527	4.932	5.387		0.689	0.280	0.031
B000JOOGK2		2.693	4.885	5.226		0.750	0.221	0.029
B000JOT2RO		2.859	5.002	4.718		0.687	0.279	0.034
B000JPYEJY		3.916	5.061	5.290		0.515	0.446	0.038
B000JQ0BO0		3.403	5.133	5.411		0.363	0.599	0.039
B000JQ4B3C		3.262	4.951	5.108		0.186	0.781	0.033
B000JROE6K		2.936	5.050	5.034		0.378	0.583	0.038
B000JVTP38		2.945	3.871	5.157		0.951	0.042	0.007
B000JVTT98		2.561	4.444	5.058		0.968	0.026	0.006
B000JVTX8A		3.436	5.279	5.046		0.846	0.131	0.022
B000JVVXMO		2.897	4.923	5.055		0.622	0.342	0.036
B000JVXUF2		3.466	5.130	5.262		0.482	0.479	0.039
B000JVXZ8Y		2.855	5.845	5.057		0.458	0.503	0.039
B000JVXZF2		3.178	5.017	5.265		0.578	0.385	0.037
B000JVZWS0		2.682	4.729	5.188		0.560	0.402	0.038
B000JVZWY4		3.594	5.395	5.265		0.309	0.654	0.036
B000JWSO9I		3.594	4.991	5.026		0.602	0.362	0.036
B000K4YSVI		3.348	5.110	5.135		0.477	0.484	0.040
B000K4YSZO		2.783	4.725	5.129		0.862	0.118	0.020
B000K50780		2.867	5.094	5.050		0.479	0.482	0.039
B000K53U7K		3.150	5.083	4.825		0.472	0.489	0.039
B000K53UEI		3.497	5.153	5.220		0.478	0.482	0.040
B000KJBFC8		3.031	5.063	5.007		0.682	0.284	0.034
B000KJS57Q		3.480	5.023	5.145		0.450	0.511	0.039
B000KKUQTA		3.411	3.997	5.043		0.770	0.206	0.024
B000KN2YOC		3.651	5.161	5.306		0.482	0.478	0.040
B000KUAS20		3.397	5.455	5.098		0.325	0.637	0.038
B000KVUBBC		3.029	5.013	5.166		0.376	0.586	0.039
B000KW3ZE6		3.292	5.227	5.492		0.376	0.584	0.040
B000KW5I6E		3.129	4.985	5.314		0.690	0.278	0.032
B000KWOTSC		2.521	4.689	5.072		0.784	0.190	0.027
B000KYKPBK		2.845	4.981	4.826		0.523	0.438	0.038
B000L9HN00		3.706	5.253	5.197		0.411	0.549	0.040
B000LBDE8S		2.898	4.545	5.057		0.517	0.445	0.038
B000LEG1PS		3.702	5.248	5.396		0.488	0.474	0.039
B000LK6KOO		2.794	4.713	4.947		0.879	0.103	0.018
B000LM2R44		3.129	4.709	5.062		0.378	0.583	0.039
B000LNH7UW		4.163	5.714	5.039		0.573	0.389	0.039
B000LNN2Q0		2.661	4.940	5.298		0.657	0.309	0.034
B000LP2G6K		3.250	5.138	5.261		0.338	0.623	0.039
B000LPPO50		2.987	5.488	5.231		0.859	0.119	0.021
B000LPZTQY		2.994	5.062	5.079		0.502	0.458	0.040
B000LRGQ0A		2.427	5.042	4.944		0.999	0.001	0.000
B000LSL5ZK		3.631	5.090	5.081		0.540	0.422	0.038
B000LSYLFQ		3.205	5.068	5.149		0.843	0.135	0.022
B000LU6L1Q		2.194	6.158	5.006		0.975	0.019	0.006
B000LXQVA4		3.547	5.073	5.178		0.290	0.672	0.037
B000LZFZVS		2.431	5.144	5.263		0.491	0.471	0.039
B000M41BRA		3.131	4.593	4.762		1.000	0.000	0.000
B000M432IG		2.895	5.186	5.066		0.391	0.571	0.039
B000M49MO4		3.311	4.894	5.000		0.501	0.460	0.038
B000M4K4BY		2.907	5.203	5.481		0.619	0.345	0.036
B000M5HZ8I		2.148	5.136	5.233		0.605	0.358	0.037
B000M8GBDK		3.439	5.516	5.336		1.000	0.000	0.000
B000MAER3Y		3.351	5.330	5.063		0.425	0.536	0.038
B000MAERLG		3.404	5.336	5.050		0.592	0.371	0.037
B000MBOYL8		2.939	5.552	4.868		0.536	0.425	0.040
B000ME3146		2.850	5.224	5.063		0.582	0.380	0.038
B000MEB3GE		3.172	4.954	5.216		0.454	0.507	0.040
B000MEU3M4		2.663	5.565	5.066		0.341	0.621	0.037
B000MF6V1K		2.729	5.553	5.044		0.707	0.259	0.034
B000MGOA3A		2.785	4.991	5.050		0.797	0.177	0.027
B000MHIEYA		3.026	4.878	5.085		0.640	0.325	0.035
B000MNJHVS		3.029	5.241	4.978		0.647	0.317	0.035
B000MQSJG4		2.869	5.231	5.074		0.670	0.296	0.034
B000MRGML2		3.222	4.852	5.144		0.422	0.539	0.039
B000MRK5OC		2.669	5.002	4.977		0.702	0.266	0.032
B000MRK5P6		2.635	4.905	4.902		0.902	0.082	0.016
B000MRLYHE		2.882	4.572	5.015		0.869	0.112	0.019
B000MRLYMY		3.308	4.963	5.321		0.675	0.292	0.033
B000MVQBG4		2.961	5.270	5.088		0.396	0.565	0.040
B000MXL04U		3.551	5.097	5.105		0.540	0.422	0.038
B000MXQGT4		3.512	5.045	5.280		0.633	0.332	0.035
B000MZKTU4		2.929	5.256	5.049		0.150	0.820	0.030
B000N0SNHY		2.954	4.773	5.016		0.700	0.268	0.032
B000N9H4SE		3.266	4.931	5.202		0.602	0.361	0.037
B000NDY7TY		3.062	5.108	5.067		0.681	0.286	0.034
B000NM3DFY		2.495	4.956	5.355		0.922	0.065	0.013
B000NSBBIY		2.989	5.123	5.046		0.501	0.460	0.039
B000NUJM0G		2.756	5.526	4.992		0.647	0.316	0.036
B000NVAVTG		2.638	4.962	5.015		0.988	0.009	0.003
B000O1SHI2		3.287	5.331	4.981		0.645	0.320	0.035
B000O3GCFU		3.230	5.097	5.140		0.304	0.658	0.038
B000O3I2CQ		2.854	4.935	4.988		0.771	0.201	0.028
B000O3PFVW		2.446	4.739	5.231		0.954	0.038	0.009
B000O7SBHI		3.410	5.116	5.179		0.421	0.539	0.040
B000O7SNYE		2.729	5.583	5.183		0.334	0.628	0.039
B000O7SQAU		4.363	5.185	5.039		0.829	0.147	0.024
B000O7SQH8		2.961	5.545	4.795		0.699	0.268	0.034
B000O7SR18		3.119	5.102	5.081		0.676	0.290	0.034
B000O7WNTU		3.065	5.358	5.237		0.712	0.256	0.032
B000OFNFDA		3.238	4.886	5.053		0.327	0.635	0.038
B000OMSIN0		2.901	5.154	4.961		0.583	0.380	0.037
B000OQI8NG		3.497	5.081	5.186		0.527	0.435	0.038
B000OR3EM0		3.772	5.335	5.016		0.577	0.386	0.037
B000OR3F1K		3.340	4.815	5.218		0.659	0.308	0.034
B000OROBMM		3.034	4.972	5.110		0.583	0.380	0.037
B000OS3AP0		2.857	5.137	5.048		0.497	0.463	0.040
B000P007FI		2.805	4.927	5.359		0.377	0.584	0.039
B000P1U9VE		3.634	7.047	4.955		0.880	0.099	0.021
B000P22YTI		3.464	5.381	5.116		0.318	0.644	0.038
B000P25TZO		3.228	4.950	4.743		0.464	0.497	0.040
B000P635T2		3.159	4.799	5.042		0.286	0.676	0.038
B000P9TK0W		2.900	5.250	5.000		0.410	0.550	0.040
B000PB2QCY		2.679	5.357	5.298		0.282	0.681	0.037
B000PBCH2S		2.770	5.107	5.199		0.132	0.839	0.028
B000PE8B8O		2.975	5.479	5.214		0.420	0.540	0.040
B000PE8E0E		2.727	5.082	5.047		0.601	0.362	0.037
B000PRUAFI		3.194	5.141	5.204		0.251	0.714	0.035
B000Q3529K		3.595	5.020	5.118		0.543	0.419	0.038
B000Q7FY26		3.209	5.186	5.243		0.526	0.435	0.039
B000Q7G3VM		3.446	5.079	5.146		0.490	0.470	0.040
B000QFEQL8		3.521	5.300	5.073		0.521	0.441	0.038
B000QGXWGM		3.276	5.122	5.424		0.207	0.759	0.034
B000QIJ020		3.049	4.861	5.198		0.839	0.139	0.022
B000QWA9F8		2.607	5.218	5.206		0.518	0.443	0.038
B000QXGPYG		2.063	4.356	4.979		0.887	0.096	0.017
B000R7L80C		3.515	5.253	5.266		0.360	0.602	0.038
B000R9H0OI		3.246	4.866	5.119		0.283	0.680	0.037
B000RC2VJY		2.985	5.188	5.014		0.759	0.211	0.030
B000RFAAEO		2.589	5.056	5.175		0.069	0.910	0.021
B000RFABHK		2.568	5.374	5.472		0.277	0.684	0.039
B000RFC3BM		3.771	5.410	5.146		0.545	0.417	0.038
B000RFCSMQ		3.105	4.691	5.133		0.872	0.109	0.018
B000RFCXIK		3.409	5.194	5.320		0.350	0.612	0.038
B000RH7FUY		2.588	4.985	5.036		0.620	0.343	0.037
B000RHFZ7E		3.231	5.051	5.103		0.579	0.383	0.038
B000RHJT6C		4.121	5.258	5.239		0.513	0.449	0.038
B000RI8Y30		3.327	4.966	5.128		0.566	0.397	0.037
B000RJ9TCY		3.227	5.445	5.125		0.383	0.578	0.039
B000RLQZD8		3.025	4.988	4.893		0.078	0.901	0.021
B000RNJ24A		3.331	4.961	5.200		0.638	0.327	0.035
B000ROHT12		3.064	5.174	5.366		0.452	0.509	0.039
B000ROKDC4		3.502	4.624	5.162		0.352	0.608	0.040
B000ROME3U		3.432	5.095	5.045		0.507	0.455	0.038
B000RZNJII		2.983	5.153	5.038		0.556	0.406	0.038
B000S35QLC		2.448	4.917	5.124		0.465	0.496	0.039
B000S8J0HS		2.916	5.352	5.062		0.468	0.489	0.044
B000S98GPY		3.413	5.451	4.693		0.800	0.173	0.027
B000S9A37I		3.499	5.189	5.134		0.511	0.451	0.038
B000S9RF4M		3.640	5.392	5.152		0.525	0.436	0.039
B000SELU52		3.403	5.033	5.367		0.309	0.652	0.039
B000SMWUPS		3.410	5.065	5.158		0.274	0.690	0.036
B000SXQHS8		2.819	4.710	4.821		0.958	0.034	0.008
B000T9792O		2.989	5.319	5.146		0.933	0.055	0.012
B000TA30XU		4.005	5.026	5.534		0.665	0.302	0.033
B000TADQ7K		2.927	4.987	5.008		0.985	0.011	0.004
B000TAFF0G		3.108	5.268	5.158		0.165	0.806	0.029
B000TBFNZC		3.519	5.026	5.186		0.538	0.424	0.039
B000TBK4RY		2.996	5.093	5.112		0.363	0.599	0.038
B000TD0UKI		3.006	5.403	5.061		0.371	0.590	0.039
B000TEVMEU		3.454	5.411	5.200		0.525	0.436	0.039
B000TFGUC8		3.514	4.979	5.278		0.733	0.237	0.030
B000TFLAZA		3.505	4.953	5.236		0.650	0.315	0.034
B000TFMIMY		3.685	5.323	5.247		0.332	0.631	0.037
B000TYEKXK		4.665	5.370	5.950		0.555	0.408	0.037
B000TZVW6M		3.415	5.071	5.079		0.419	0.541	0.040
B000U3U1WY		3.296	7.879	5.099		0.754	0.213	0.033
B000U404OI		3.379	5.331	4.882		0.847	0.130	0.023
B000U5FOT2		3.212	5.039	5.153		0.169	0.800	0.031
B000U5LXSS		3.507	5.045	5.211		0.172	0.797	0.032
B000U5LXU6		3.153	5.009	5.237		0.168	0.801	0.031
B000U5M64I		2.849	4.628	4.972		0.361	0.600	0.040
B000UCCATW		2.951	4.890	5.088		0.899	0.085	0.016
B000UE5D9O		3.646	5.521	5.191		0.560	0.402	0.038
B000UEA96G		2.790	5.168	5.285		0.428	0.533	0.039
B000UFWQW0		4.027	4.908	4.700		1.000	0.000	0.000
B000UGUF5O		3.442	3.158	5.017		0.018	0.980	0.002
B000UJVG18		3.398	5.231	5.219		0.572	0.391	0.037
B000UJW8D8		3.283	5.216	5.162		0.521	0.440	0.039
B000UN30Q8		3.034	5.044	5.221		0.296	0.665	0.038
B000UO78TM		3.341	5.265	5.306		0.547	0.415	0.038
B000UO7BXK		3.562	4.891	5.301		0.266	0.695	0.038
B000UUBRYI		3.466	5.484	5.079		0.293	0.672	0.035
B000UXQFVU		3.473	5.032	4.920		0.635	0.330	0.035
B000UXROTC		3.230	5.114	5.173		0.631	0.334	0.035
B000UZLL08		3.032	5.727	5.123		0.336	0.628	0.037
B000UZRRBU		3.351	5.090	5.114		0.489	0.473	0.039
B000V0QTMC		3.403	4.950	5.027		0.473	0.489	0.039
B000V1QW3W		2.972	5.267	5.159		0.550	0.411	0.039
B000V3J7J6		2.885	5.308	4.966		0.457	0.503	0.040
B000V88HJM		2.889	4.927	5.310		0.563	0.400	0.038
B000V8LCA8		2.793	4.910	4.960		0.372	0.590	0.038
B000V96W0W		2.563	4.753	4.857		0.862	0.117	0.020
B000V98HCI		3.533	5.084	5.139		0.343	0.619	0.038
B000V9DXGS		3.219	4.964	5.012		0.514	0.447	0.039
B000V9IB0G		3.219	5.102	4.981		0.583	0.379	0.038
B000VARGHE		2.746	5.254	5.368		0.820	0.156	0.024
B000VEHLIY		2.819	5.278	5.190		0.518	0.443	0.039
B000VHU6L0		2.823	3.951	5.123		0.655	0.312	0.032
B000VJJF60		3.389	5.027	5.084		0.445	0.515	0.040
B000VJZOOC		2.396	5.407	5.110		0.380	0.581	0.039
B000VKCGTM		2.912	5.147	5.319		0.265	0.699	0.036
B000VN838W		2.972	4.705	4.977		0.477	0.484	0.039
B000VS4LBK		3.145	5.187	5.086		0.661	0.303	0.035
B000VSM1QC		2.914	4.392	5.185		0.622	0.343	0.035
B000VUN41G		2.876	4.425	4.984		0.829	0.149	0.022
B000VVIHPS		3.171	4.869	5.066		0.646	0.319	0.034
B000VWC4JM		3.202	4.789	4.942		0.355	0.606	0.038
B000VX4QI8		3.194	5.299	5.071		0.440	0.521	0.039
B000W5R0B0		3.118	4.753	5.034		0.380	0.580	0.040
B000W7GQA4		2.764	4.649	4.818		0.454	0.508	0.038
B000W8O2CC		3.538	5.408	5.076		0.519	0.441	0.039
B000W8O8QC		3.345	5.143	5.109		0.506	0.455	0.038
B000WADD5W		2.943	5.608	5.001		0.345	0.618	0.037
B000WEFYDC		2.716	4.670	5.147		0.964	0.029	0.007
B000WEHO76		3.274	5.117	5.046		0.489	0.473	0.039
B000WEHO8K		2.812	4.912	5.116		0.777	0.195	0.028
B000WIEH2C		2.998	5.145	5.392		0.553	0.409	0.038
B000WIZB04		3.057	4.919	5.016		0.610	0.354	0.036
B000WJLKQM		3.449	4.922	5.050		0.405	0.556	0.039
B000WJPCMK		2.529	5.062	5.189		0.983	0.013	0.004
B000WJWZ70		3.396	4.991	5.095		0.624	0.341	0.036
B000WKPE7M		3.640	5.785	4.820		0.858	0.120	0.023
B000WKW2SG		2.916	5.247	5.207		0.856	0.123	0.021
B000WOV7WO		3.718	4.878	5.194		0.359	0.600	0.040
B000WPVCQE		3.461	4.858	5.192		0.424	0.536	0.040
B000WU5N9G		3.188	5.119	5.362		0.214	0.751	0.035
B000WU8UL4		3.638	5.409	5.263		0.353	0.608	0.039
B000WUD83O		3.308	4.915	4.977		0.429	0.531	0.040
B000WUF4LS		3.507	5.201	5.220		0.293	0.670	0.038
B000WXXUWK		2.543	5.155	5.133		0.238	0.728	0.034
B000X1R5B8		3.288	4.970	5.061		0.973	0.021	0.006
B000XA6DC6		3.111	5.340	5.251		0.753	0.218	0.030
B000XA8N2O		3.110	5.133	4.948		0.486	0.476	0.039
B000XDYLEK		3.511	5.084	5.065		0.414	0.547	0.039
B000XMFUOQ		2.963	5.493	5.097		0.823	0.152	0.025
B000XP96VQ		3.113	5.270	5.211		0.338	0.623	0.039
B000XPS9C8		3.538	4.622	4.952		0.585	0.379	0.037
B000XPS9MS		3.472	5.677	5.564		0.375	0.586	0.039
B000XPV4A2		2.884	4.882	5.003		0.544	0.418	0.039
B000XQGZ7S		2.834	5.133	5.338		0.605	0.359	0.036
B000XQMH5M		4.040	4.794	5.459		0.781	0.194	0.025
B000XSPDUQ		4.618	3.659	5.037		0.077	0.910	0.013
B000XSRGK6		3.856	5.068	5.226		0.505	0.457	0.038
B000XT30G4		3.212	5.212	5.299		0.386	0.574	0.040
B000XUTCWE		2.985	5.004	4.959		0.703	0.265	0.032
B000XV30E4		3.597	5.354	5.162		0.273	0.692	0.035
B000Y2GY40		2.956	4.746	5.057		0.524	0.438	0.038
B000YASFEE		3.741	4.770	5.235		0.760	0.212	0.027
B000YBIL4W		3.207	5.258	5.066		0.442	0.518	0.040
B000YDDF6O		3.745	4.903	5.213		0.183	0.783	0.034
B000YDWCFE		3.526	5.095	5.177		0.687	0.280	0.033
B000YFR9TG		3.714	5.109	4.857		0.635	0.329	0.035
B000YFSFVC		3.547	5.351	5.187		0.357	0.604	0.039
B000YJ89K0		3.196	5.216	5.066		0.317	0.647	0.037
B000YQMWLU		3.032	4.812	5.066		0.274	0.689	0.037
B000YRW34K		3.220	6.030	5.318		0.357	0.605	0.039
B000YYNRH0		3.588	5.266	5.070		0.584	0.379	0.037
B000YYRBC2		3.720	5.486	5.105		0.550	0.412	0.038
B000YZ7ZTK		3.591	5.144	5.121		0.629	0.336	0.036
B000YZAZMO		3.804	5.047	5.109		0.465	0.496	0.039
B000YZD0QM		3.244	5.052	5.311		0.366	0.595	0.039
B000Z3DWHK		3.319	5.356	5.003		0.463	0.499	0.039
B000ZD3YG4		3.225	5.100	5.170		0.394	0.567	0.039
B000ZEZ0MY		3.645	5.107	5.043		0.224	0.743	0.033
B000ZEZ2BS		3.575	5.158	5.300		0.464	0.496	0.040
B000ZKHVMU		2.819	4.936	5.037		0.468	0.492	0.040
B000ZL3C6I		2.665	4.754	5.252		0.370	0.591	0.039
B000ZN4APS		2.824	5.043	5.310		0.977	0.018	0.005
B000ZNPRDW		3.407	4.966	5.214		0.625	0.339	0.035
B000ZQ1HPG		3.414	5.193	5.510		0.861	0.119	0.020
B000ZX6XA8		3.042	5.300	5.058		0.794	0.179	0.027
B000ZYL5ZK		3.911	5.112	5.292		0.380	0.581	0.039
B000ZYM8TW		3.722	4.797	5.357		0.756	0.216	0.028
B00101TXPG		2.781	4.825	5.132		0.513	0.449	0.038
B00106XZEG		3.708	5.073	5.175		0.315	0.646	0.039
B0010BPM24		3.521	4.589	5.406		0.759	0.214	0.027
B0010PW47Q		3.404	5.021	5.097		0.362	0.598	0.039
B0010SD8VE		3.015	5.485	5.143		0.902	0.081	0.017
B0010SGZDC		3.677	5.202	5.275		0.515	0.446	0.038
B0010SIJK4		3.184	4.715	5.136		0.260	0.703	0.037
B0010WAXN6		3.224	5.056	5.094		0.638	0.327	0.035
B00115PFOO		3.961	5.064	5.134		0.871	0.110	0.019
B00115Q5A2		3.441	4.788	5.084		0.536	0.426	0.038
B00117CQK8		3.698	5.082	5.186		0.519	0.443	0.038
B00119R1HY		3.905	4.988	5.050		0.578	0.385	0.037
B0011E5LRG		2.847	4.576	5.019		0.574	0.389	0.037
B0011E5LXK		3.215	5.289	5.204		0.369	0.592	0.039
B0011E5LYE		3.033	5.414	5.141		0.347	0.614	0.039
B0011E75RK		3.008	5.100	5.053		0.282	0.682	0.036
B0011ECP9S		2.772	5.285	5.126		0.350	0.611	0.039
B0011ECPA2		2.743	5.173	5.291		0.599	0.365	0.037
B0011G4NKK		3.395	5.126	5.136		0.568	0.395	0.037
B0011H804O		2.656	5.053	5.128		0.903	0.081	0.016
B0011MQLM2		3.148	4.823	5.090		0.874	0.108	0.019
B0011MQLNQ		2.923	4.922	5.052		0.464	0.496	0.040
B0011UH78G		2.958	5.039	5.052		0.351	0.609	0.039
B0011URFRE		3.274	5.250	5.089		0.568	0.394	0.038
B00124EH52		2.781	5.161	5.174		0.603	0.360	0.037
B001265A8I		3.954	5.035	7.054		0.328	0.624	0.048
B00127CK6M		2.263	4.934	4.970		0.413	0.548	0.040
B00129F0AS		3.688	5.165	5.076		0.636	0.329	0.035
B0012ADSN8		3.424	5.019	5.019		0.952	0.039	0.009
B0012AII9M		3.519	5.370	5.342		0.337	0.626	0.038
B0012DVLCA		3.334	4.975	5.251		0.499	0.461	0.040
B0012DX3E4		3.499	5.892	5.166		1.000	0.000	0.000
B0012E4FV8		3.158	5.066	5.071		0.522	0.440	0.038
B0012ETETG		3.360	5.457	5.545		0.431	0.527	0.042
B0012GXAY4		3.448	5.732	5.902		0.323	0.638	0.039
B0012GYPU2		3.148	4.963	5.227		0.536	0.426	0.038
B0012IT2C6		3.517	5.232	5.078		0.133	0.839	0.028
B0012IYFO6		2.499	4.582	5.099		0.631	0.334	0.035
B0012J0ZF8		3.285	4.967	5.200		0.223	0.743	0.035
B0012LZD5I		3.166	4.750	5.198		0.739	0.232	0.029
B0012NHQ7O		3.174	5.256	5.826		0.422	0.538	0.040
B0012QC5N6		3.524	4.562	5.279		0.567	0.396	0.037
B0012SCANO		3.338	5.140	5.223		0.524	0.437	0.039
B001385CHY		3.658	5.427	5.389		0.402	0.558	0.040
B0013A1KLO		2.695	4.901	5.180		0.685	0.283	0.033
B0013F7GKI		2.579	5.341	4.991		0.589	0.373	0.038
B0013FCBJO		3.932	4.739	4.976		0.514	0.448	0.038
B0013FGWD0		3.345	5.006	5.118		0.531	0.431	0.038
B0013N9J4Q		3.816	4.585	5.273		0.471	0.489	0.040
B0013NB70A		3.127	5.051	5.229		0.535	0.427	0.038
B0013O9RX8		2.823	5.127	5.090		0.593	0.370	0.037
B0013P53YE		3.254	5.135	5.165		0.634	0.331	0.035
B0013SQ5NO		2.653	4.486	5.062		0.640	0.326	0.034
B0013VFZG4		3.170	5.354	5.080		0.532	0.429	0.039
B00140BE3W		3.484	4.820	5.167		0.351	0.610	0.039
B00140KS9I		2.870	4.676	5.162		0.199	0.766	0.035
B0014HQITA		3.199	5.782	5.427		0.422	0.539	0.040
B0014HQITK		3.398	5.107	5.124		0.336	0.625	0.039
B0014IEBIO		3.587	4.393	5.033		0.518	0.444	0.038
B0014J0W8G		2.923	4.939	4.968		0.580	0.382	0.038
B0014J10AK		3.137	4.601	5.647		0.840	0.140	0.020
B0014J2FRC		3.317	4.836	5.315		0.562	0.401	0.037
B0014JDIW8		3.423	5.013	4.993		0.808	0.166	0.025
B0014TQRT4		3.105	5.577	5.512		0.403	0.558	0.040
B00155UGTO		2.738	5.358	5.125		0.515	0.446	0.039
B00155WJ4E		3.211	5.193	5.178		0.381	0.580	0.039
B00155ZVW6		3.161	3.899	5.218		0.725	0.248	0.027
B001579YRM		2.898	4.692	5.261		0.481	0.480	0.039
B00157CYU6		4.329	5.670	5.232		0.487	0.475	0.037
B00158DS0U		4.109	5.114	5.185		0.218	0.748	0.033
B0015A4FO6		3.448	5.034	4.804		0.417	0.545	0.038
B0015CA3A4		3.164	4.898	5.116		0.541	0.421	0.038
B0015IVQKY		3.261	4.956	4.772		0.834	0.142	0.023
B0015LNY60		3.472	5.154	4.928		0.562	0.400	0.039
B0015R2AWI		4.329	5.591	5.102		0.662	0.304	0.034
B0015TIZGQ		3.105	4.958	5.081		0.520	0.441	0.039
B0016072TK		2.657	4.933	4.977		0.996	0.003	0.001
B00166U56G		2.281	5.039	5.225		0.638	0.327	0.035
B0016A7QYQ		2.857	5.050	5.348		0.315	0.646	0.039
B0016KV73W		2.927	5.277	4.958		0.356	0.606	0.038
B0016KZZG2		2.647	5.446	4.976		0.810	0.164	0.026
B0016M10C8		2.806	4.974	5.044		0.911	0.074	0.015
B0016NHN82		2.960	5.633	5.144		0.298	0.666	0.036
B0016RSDYG		3.380	5.386	5.120		0.365	0.596	0.039
B0016RSEG8		3.662	5.065	5.127		0.501	0.460	0.038
B0016RVLZY		3.194	5.433	5.098		0.997	0.002	0.001
B00175YU7G		3.590	5.112	5.378		0.844	0.134	0.022
B0017AE3BO		2.786	5.296	5.030		0.779	0.193	0.028
B0017LCZEU		3.097	5.158	5.024		0.481	0.479	0.040
B0017NC77I		2.884	5.132	5.179		0.238	0.728	0.034
B0017P3LQW		3.267	4.662	5.009		0.124	0.846	0.030
B0017S2S86		3.078	5.012	5.014		0.409	0.552	0.040
B0017T2RYU		2.494	4.993	5.332		0.757	0.214	0.029
B0017UZZ5C		3.045	4.921	5.358		0.286	0.676	0.037
B0017VM2NY		3.116	5.060	5.074		0.873	0.108	0.019
B00186ZQUO		2.893	4.525	5.232		0.514	0.448	0.038
B0018760PI		2.477	5.156	5.154		0.840	0.137	0.023
B00188XW26		3.856	5.338	5.331		0.381	0.581	0.038
B00189GSA8		3.022	5.648	5.402		0.338	0.624	0.038
B00189KKXE		3.006	5.308	5.462		0.267	0.696	0.037
B0018BY2EU		3.690	4.418	5.001		1.000	0.000	0.000
B0018CMX9U		2.985	5.034	5.197		0.589	0.373	0.037
B0018EFGGU		3.116	5.074	4.877		0.494	0.468	0.039
B0018JWAF0		3.460	4.924	5.125		0.501	0.459	0.039
B0018LLZXQ		3.183	4.904	5.030		0.308	0.655	0.037
B0018LWIDW		2.998	4.844	5.169		0.374	0.588	0.039
B0018MJTV0		2.834	4.853	5.266		0.540	0.422	0.038
B0018OHCLC		3.462	5.070	5.053		0.554	0.409	0.038
B0018OKNT0		3.586	5.043	5.412		0.383	0.578	0.039
B0018SUE9A		2.944	4.777	5.254		0.643	0.322	0.035
B0018T09ZI		2.783	5.170	5.076		0.336	0.625	0.039
B0018Z06P0		3.232	5.196	5.113		0.347	0.616	0.038
B0018Z6910		2.845	5.149	5.249		0.641	0.323	0.036
B0018Z8BBQ		3.595	4.739	5.365		0.355	0.605	0.040
B0018Z8CN8		3.290	5.127	5.223		0.218	0.748	0.034
B00191YSLG		3.331	5.325	5.263		0.474	0.487	0.039
B00192OI2E		2.558	4.870	4.965		0.637	0.328	0.035
B001936S4O		3.794	5.512	5.173		0.590	0.373	0.037
B0019449JO		1.712	4.900	4.894		0.999	0.000	0.000
B00198PQHY		3.530	4.911	5.153		0.362	0.598	0.040
B00198XSS8		3.664	5.148	5.165		0.437	0.524	0.039
B0019AC8GE		3.116	5.025	5.094		0.681	0.285	0.034
B0019JF0T2		3.064	5.055	5.302		0.671	0.295	0.034
B0019LLC9W		2.515	5.269	5.059		0.779	0.193	0.029
B0019QCGVK		3.825	5.070	4.975		0.449	0.513	0.038
B0019QCH3C		3.376	4.961	5.105		0.327	0.634	0.039
B0019QJQB8		2.941	4.561	4.857		0.965	0.028	0.007
B0019SUP1G		3.489	5.803	5.284		0.338	0.623	0.038
B0019TMCGQ		3.487	4.972	5.088		0.445	0.517	0.039
B0019UAN5C		3.060	4.541	5.041		0.823	0.154	0.023
B001A43G6U		3.747	5.526	5.214		0.723	0.246	0.032
B001A67AE2		3.540	5.127	5.146		0.692	0.276	0.033
B001A6HK6K		3.332	5.141	5.166		0.441	0.521	0.039
B001ABZGU2		3.800	5.131	5.353		0.428	0.533	0.039
B001ACVQKA		3.767	5.593	5.233		0.471	0.491	0.038
B001AG0YL8		3.498	5.088	5.696		0.330	0.630	0.040
B001AG4DBA		3.307	5.110	5.221		0.209	0.757	0.034
B001AH8JNC		2.833	5.150	5.201		0.805	0.169	0.026
B001AIUPVK		2.448	4.860	5.154		1.000	0.000	0.000
B001AL3MR6		3.188	4.961	5.263		0.284	0.679	0.037
B001ANSGSY		3.092	4.763	5.341		0.212	0.751	0.036
B001ANUSY4		3.244	5.270	5.136		0.715	0.253	0.033
B001ANVUUU		3.325	5.132	5.303		0.685	0.282	0.033
B001AQLGO2		2.930	5.148	5.291		0.430	0.530	0.040
B001AVMF10		3.523	4.791	5.342		0.709	0.259	0.031
B001AVNK6E		3.295	5.095	5.050		0.620	0.344	0.036
B001AW0TW6		3.606	5.120	5.146		0.497	0.464	0.038
B001B904QO		3.146	5.173	5.240		0.621	0.343	0.037
B001BCFWMM		3.416	5.024	5.018		0.870	0.110	0.020
B001BDD6T2		3.487	5.046	5.148		0.531	0.431	0.038
B001BKVA48		3.524	4.820	5.462		0.769	0.204	0.027
B001BMWABI		3.007	4.883	5.203		0.478	0.483	0.040
B001BPQZ2K		3.730	5.031	5.319		0.608	0.355	0.037
B001BPZHQ0		3.190	5.304	5.092		0.389	0.572	0.039
B001BRQSXE		3.152	4.987	5.359		0.613	0.351	0.036
B001BRQSXO		3.399	5.081	5.283		0.339	0.623	0.038
B001BUYAKY		3.398	5.280	5.239		0.720	0.248	0.032
B001BWRWNO		2.908	4.985	5.195		0.853	0.126	0.021
B001BWS0MQ		2.511	4.782	5.162		0.461	0.500	0.040
B001BX5154		2.493	4.696	4.915		0.411	0.550	0.039
B001BXREG8		3.675	5.152	5.165		0.406	0.554	0.040
B001BZC4T8		3.377	5.196	5.312		0.346	0.615	0.039
B001BZCPXS		4.114	5.219	4.723		0.700	0.267	0.033
B001C3I1AA		3.012	4.570	5.041		0.590	0.373	0.036
B001C3KXPG		3.177	5.063	5.064		0.306	0.656	0.038
B001C3MHEQ		2.822	4.756	5.084		0.795	0.179	0.026
B001C3MHF0		3.052	4.890	5.018		0.504	0.456	0.039
B001C46BAG		3.371	5.110	5.132		0.594	0.368	0.037
B001C51TIE		2.913	5.371	5.039		0.481	0.480	0.039
B001CAZJ1C		2.791	5.000	4.926		0.754	0.217	0.029
B001CB7I4W		3.301	5.428	5.128		0.337	0.625	0.038
B001CB8K26		3.415	5.431	5.599		0.548	0.414	0.038
B001CC88AE		3.810	5.147	5.388		0.353	0.608	0.039
B001CCBG7Q		3.145	5.071	5.040		0.659	0.306	0.034
B001CDFPY0		3.014	5.124	5.320		0.369	0.592	0.039
B001CFFX90		2.599	5.346	5.102		0.578	0.384	0.038
B001CJKE40		3.896	5.337	5.324		0.412	0.548	0.040
B001CKBK42		4.048	4.395	4.994		1.000	0.000	0.000
B001CKBL5A		3.379	4.515	4.718		0.897	0.087	0.016
B001CKYN5A		3.372	5.200	4.874		0.878	0.102	0.019
B001COIH3A		2.609	4.829	5.094		0.282	0.681	0.037
B001COPE86		2.546	4.790	5.072		0.250	0.714	0.037
B001CPD400		3.357	4.986	5.185		0.265	0.698	0.037
B001CSMD3Q		2.960	5.442	5.092		0.525	0.436	0.039
B001CUPT3K		3.034	5.146	5.038		0.608	0.355	0.036
B001CUPT76		2.996	5.282	5.073		0.522	0.439	0.038
B001CW7CVK		3.620	5.094	5.176		0.519	0.442	0.039
B001CWAVJ0		3.142	4.689	5.043		0.340	0.621	0.039
B001CWB3J2		3.285	5.316	4.854		0.640	0.324	0.036
B001CWB3KG		3.784	5.561	5.162		0.439	0.521	0.040
B001CWBKW2		2.618	4.797	5.007		0.903	0.082	0.016
B001CWD75A		3.365	5.226	5.105		0.440	0.521	0.039
B001CWDCO6		3.577	5.623	5.200		0.615	0.348	0.036
B001CWDCY6		3.308	5.033	5.163		0.279	0.683	0.038
B001CWF01O		3.509	5.334	5.065		0.319	0.645	0.036
B001CWFBR2		3.363	5.437	5.280		0.646	0.318	0.036
B001CWFCV2		3.777	5.298	5.044		0.575	0.387	0.038
B001CWVYMI		3.489	5.359	4.861		0.676	0.290	0.034
B001D12RLK		3.209	5.112	5.098		0.379	0.582	0.038
B001D1307U		2.861	4.761	4.760		0.506	0.455	0.039
B001D17F5S		3.418	4.793	5.528		0.738	0.234	0.029
B001D2WX5E		2.643	4.772	5.371		0.623	0.342	0.035
B001D458EA		3.865	5.529	5.103		0.451	0.511	0.038
B001D475FU		3.410	5.591	5.237		0.574	0.388	0.038
B001D7E0WS		3.375	5.136	5.291		0.589	0.374	0.037
B001D7FZCW		3.142	5.430	4.950		0.453	0.508	0.039
B001D7JOCY		3.213	4.243	5.668		0.431	0.528	0.041
B001D7KNYW		3.472	4.952	5.360		0.384	0.577	0.039
B001DDMFI8		3.386	5.289	5.433		0.286	0.676	0.038
B001DDXWVC		3.107	5.461	5.111		0.402	0.559	0.038
B001DF67GC		2.553	5.041	5.092		0.754	0.217	0.029
B001DKHPD6		3.218	5.133	5.093		0.460	0.501	0.039
B001DLJVPA		3.178	5.074	5.195		0.321	0.640	0.039
B001DNJBDK		3.509	5.088	5.124		0.514	0.448	0.038
B001DRGOQ8		3.338	5.018	5.395		0.540	0.421	0.039
B001DVRTEA		3.372	5.108	5.274		0.368	0.592	0.040
B001DWG3V4		3.403	4.894	5.376		0.713	0.256	0.031
B001DZX1HK		2.337	4.634	5.165		0.611	0.354	0.035
B001E8R46U		3.147	4.813	5.071		0.538	0.424	0.038
B001ECHXVC		3.177	5.236	5.089		0.343	0.619	0.037
B001EMMKUG		3.781	4.813	4.899		0.790	0.184	0.026
B001EQ66WK		3.653	5.464	5.175		0.645	0.320	0.035
B001ETWU4U		3.611	5.421	5.328		0.231	0.736	0.033
B001EU35BQ		3.028	5.054	5.088		0.749	0.222	0.030
B001EU4ZF6		2.356	4.843	5.135		0.904	0.081	0.016
B001EU8IPY		3.620	5.070	5.338		0.430	0.531	0.039
B001EVG8HS		2.870	4.971	5.051		0.820	0.156	0.024
B001F37M6Q		3.465	5.092	5.160		0.195	0.773	0.032
B001F3YJNA		3.782	5.024	5.079		0.647	0.318	0.035
B001F50FFE		3.593	4.940	5.221		0.267	0.696	0.037
B001F50FFO		3.294	4.944	5.118		0.367	0.594	0.039
B001F8TLLU		3.096	5.375	5.152		0.677	0.289	0.034
B001F913N8		2.692	5.027	5.050		0.271	0.692	0.037
B001FA0CN4		3.048	4.988	5.073		0.533	0.429	0.038
B001FB567U		2.844	4.831	5.068		0.861	0.119	0.020
B001FB5BFW		2.470	5.178	5.075		0.433	0.527	0.039
B001FBFIF0		3.979	5.547	4.922		0.671	0.295	0.034
B001FCK32C		3.565	4.957	5.063		0.460	0.501	0.039
B001FD167C		2.545	4.574	4.956		0.974	0.021	0.006
B001FD4VNI		2.356	4.365	5.095		0.361	0.600	0.039
B001FGL9X0		3.498	5.160	5.260		0.452	0.509	0.039
B001FOEQ46		3.024	5.010	5.421		0.600	0.364	0.036
B001FSEDL8		2.629	4.924	5.204		0.262	0.701	0.037
B001FVGM6O		3.410	5.027	5.067		0.430	0.530	0.040
B001FW3UHW		3.159	5.272	5.198		0.940	0.049	0.011
B001FWY1H0		3.122	6.090	5.393		0.723	0.245	0.032
B001FXE2XC		2.104	4.769	5.029		1.000	0.000	0.000
B001G2IAT4		2.609	5.440	5.031		0.694	0.273	0.033
B001G2K2BI		2.605	4.678	5.372		0.996	0.003	0.001
B001G3SDXQ		3.696	5.003	5.004		0.494	0.467	0.038
B001G3XFSY		3.550	5.849	5.133		0.531	0.430	0.038
B001G4RWG4		3.219	4.482	5.222		0.860	0.121	0.019
B001G4VBQ6		3.024	5.326	5.036		0.463	0.499	0.039
B001G4VFHG		3.222	4.488	5.090		0.836	0.142	0.021
B001G4YULO		3.497	5.035	5.277		0.463	0.499	0.039
B001G87KYE		2.738	4.472	5.105		0.451	0.510	0.039
B001GBMDUW		2.924	5.454	5.253		0.532	0.429	0.039
B001GHZ2L8		3.209	4.976	5.109		0.112	0.862	0.026
B001GMO8SQ		3.052	4.574	5.055		0.324	0.638	0.039
B001GQ2P78		3.096	4.767	5.062		0.478	0.483	0.039
B001GQ2RUS		3.273	4.814	5.294		0.574	0.389	0.037
B001GQ2RV2		3.575	5.124	5.102		0.427	0.534	0.040
B001GQ2RW6		2.619	5.541	5.151		0.356	0.602	0.042
B001GQ2RWG		2.600	5.158	5.619		0.581	0.382	0.037
B001GQ2RZI		3.616	5.160	5.448		0.459	0.502	0.039
B001GQ2SA2		3.483	4.979	5.118		0.399	0.562	0.039
B001GRTMVE		3.801	5.037	5.066		0.570	0.392	0.037
B001GSS6FG		3.648	4.951	5.121		0.829	0.148	0.023
B001H0GF10		3.390	4.898	5.116		0.529	0.433	0.038
B001H0GGUK		3.212	5.189	5.167		0.645	0.320	0.035
B001H0GGWS		3.774	4.813	5.394		0.563	0.400	0.037
B001H1AC0Y		3.098	4.851	4.921		0.907	0.077	0.015
B001H9NXFW		3.709	5.110	4.871		0.644	0.321	0.035
B001HKPHYQ		3.255	4.822	5.059		0.698	0.269	0.033
B001HTG0NO		3.712	5.216	5.256		0.411	0.551	0.039
B001HU2LDQ		3.277	5.279	5.144		0.449	0.512	0.039
B001HWYLNM		3.204	5.160	5.108		0.706	0.262	0.033
B001HX4DN4		3.583	5.562	4.988		0.838	0.138	0.024
B001HX4DNE		3.243	5.212	5.241		0.504	0.457	0.039
B001HZCHO4		3.136	4.565	5.101		0.497	0.464	0.039
B001I3OE3C		3.751	5.013	4.969		0.537	0.425	0.038
B001I459AS		3.092	4.979	5.238		0.871	0.110	0.019
B001I463G2		3.583	5.175	5.084		0.364	0.597	0.039
B001I481LM		3.325	5.262	5.198		0.288	0.676	0.036
B001I7TCQC		2.988	5.237	5.042		0.275	0.689	0.036
B001IA7VL2		3.189	5.094	5.074		0.574	0.389	0.037
B001IDQ2TQ		3.425	5.337	5.664		0.434	0.526	0.040
B001IDYCA2		3.567	5.303	5.088		0.747	0.223	0.030
B001IJ4N00		3.142	5.803	5.128		0.574	0.388	0.038
B001IUTYXU		3.015	5.192	5.047		0.316	0.648	0.037
B001IXYOD2		3.418	5.003	5.292		0.508	0.454	0.038
B001IYISSS		3.168	4.909	5.089		0.869	0.112	0.019
B001IYQ7QS		3.190	5.263	5.162		0.596	0.367	0.038
B001J28IW0		3.011	4.943	5.011		0.425	0.536	0.040
B001J5ZWKI		3.076	4.583	5.268		0.405	0.556	0.040
B001JA85K2		3.094	5.124	4.849		0.059	0.924	0.018
B001JD7TH4		3.814	5.587	4.951		0.640	0.324	0.035
B001JDGO7A		3.342	5.199	5.119		0.644	0.320	0.036
B001JDMVD6		3.514	5.188	5.322		0.228	0.736	0.035
B001JJCMJ8		4.115	5.192	5.487		0.281	0.681	0.038
B001JKFK0U		3.279	5.033	5.233		0.403	0.558	0.039
B001JSZE62		2.795	5.650	5.097		0.536	0.426	0.039
B001JT1QN6		2.648	4.842	5.136		0.389	0.572	0.039
B001JT34IQ		3.170	5.262	5.120		0.817	0.158	0.025
B001KC08TU		3.940	5.282	5.227		0.683	0.284	0.033
B001KJL0S6		2.660	5.483	5.178		0.967	0.026	0.007
B001KK6I8M		3.905	5.292	5.091		0.566	0.397	0.037
B001KXDL5C		3.102	5.350	5.008		0.684	0.282	0.034
B001KXGI9S		2.963	5.133	5.386		0.662	0.305	0.034
B001KYA0GO		2.937	5.198	4.916		0.392	0.568	0.039
B001KYSBCO		3.694	2.838	5.064		0.145	0.838	0.017
B001KYUEWE		2.379	4.760	5.111		0.882	0.100	0.018
B001KZH67Y		3.795	5.206	4.932		0.552	0.410	0.039
B001KZH692		3.670	5.495	5.242		0.428	0.532	0.040
B001KZH69M		4.020	4.766	5.053		0.594	0.369	0.036
B001KZH69W		3.433	5.253	5.185		0.347	0.614	0.039
B001KZH6A6		3.563	5.184	5.113		0.507	0.454	0.039
B001KZH6AG		3.085	4.741	5.163		0.635	0.331	0.034
B001KZJY2O		3.215	4.955	5.161		0.896	0.088	0.016
B001KZPZCW		3.240	5.322	5.105		0.286	0.679	0.035
B001L1RC0S		3.191	5.433	5.196		0.264	0.702	0.035
B001L1XBSU		3.173	5.549	5.260		0.648	0.317	0.035
B001L21EQK		3.369	5.393	5.335		0.829	0.147	0.024
B001L2SA3A		3.095	5.056	5.201		0.473	0.488	0.039
B001L2SA6M		3.886	4.921	5.144		0.719	0.251	0.031
B001L61286		2.780	5.010	5.111		0.492	0.469	0.039
B001LENCUE		3.446	4.947	5.321		0.647	0.319	0.034
B001LF3X66		2.982	5.131	5.186		0.307	0.656	0.037
B001LF3YQK		2.796	5.073	5.096		0.782	0.190	0.027
B001LN0GZY		2.969	4.970	5.213		0.561	0.401	0.038
B001LPNH2G		3.311	5.369	5.152		0.379	0.583	0.038
B001LQCOIS		2.983	4.973	5.145		0.519	0.442	0.038
B001M4HPU6		3.101	5.211	5.541		0.241	0.722	0.036
B001MMW57Q		3.006	4.826	5.285		0.682	0.286	0.033
B001MS82HM		2.870	4.843	5.266		0.708	0.261	0.031
B001MS83OE		3.459	5.296	5.055		0.357	0.606	0.037
B001MTELJY		3.349	5.110	5.082		0.491	0.470	0.039
B001MTELKI		2.939	4.906	4.782		0.798	0.176	0.026
B001N44BWA		3.401	4.937	5.042		0.233	0.732	0.035
B001N44BXE		3.026	5.601	5.065		0.670	0.295	0.035
B001N44US0		3.710	5.073	4.842		0.571	0.392	0.037
B001N44UVC		2.894	4.778	5.060		0.419	0.541	0.040
B001N44UVW		2.690	4.894	5.069		0.757	0.214	0.029
B001N44UX0		2.892	4.977	5.047		0.190	0.778	0.032
B001N44UXA		3.488	5.354	4.948		0.322	0.643	0.036
B001N44UXK		2.839	4.129	4.705		0.883	0.100	0.017
B001N45DM2		4.125	5.386	5.360		0.679	0.288	0.033
B001N4LE5M		3.524	5.262	5.176		0.418	0.544	0.039
B001N6ZGK4		3.569	5.519	5.015		0.385	0.578	0.037
B001NAAQNC		4.020	5.521	5.425		0.345	0.618	0.037
B001NAAQNW		3.470	5.122	5.287		0.552	0.411	0.038
B001NAAQP0		3.152	5.162	5.327		0.457	0.504	0.039
B001NAAQPA		3.178	4.975	5.082		0.426	0.535	0.039
B001NAAQQE		3.543	5.053	5.009		0.284	0.680	0.036
B001NAAQR8		3.153	5.145	5.477		0.323	0.638	0.039
B001NAATW0		2.821	4.952	5.060		0.312	0.651	0.037
B001NIFOJA		3.041	4.896	5.132		0.299	0.664	0.037
B001NJC5QY		3.460	4.902	5.208		0.503	0.459	0.039
B001NJRA46		3.119	5.215	5.195		0.791	0.182	0.027
B001NXC3OE		2.927	4.724	4.988		0.186	0.780	0.035
B001O0A37A		2.221	4.972	5.039		0.959	0.033	0.008
B001O0DEVM		4.686	5.594	5.033		0.897	0.084	0.019
B001O2AJKE		2.951	4.895	5.056		0.549	0.413	0.038
B001O5GINS		2.467	5.391	5.335		0.238	0.727	0.034
B001O7ESYW		2.934	4.886	4.926		0.809	0.166	0.025
B001O85DKO		3.451	5.213	5.025		0.595	0.368	0.037
B001O9A5K6		3.355	5.407	5.152		0.672	0.293	0.035
B001O9F6M8		3.240	4.842	5.122		0.297	0.665	0.037
B001OAKMEO		2.516	4.697	5.188		0.866	0.115	0.019
B001OB83DA		2.787	4.993	4.891		0.383	0.577	0.039
B001OBDKIS		2.645	4.952	5.152		0.848	0.131	0.022
B001OC5UMQ		2.985	5.041	5.013		0.559	0.403	0.038
B001OC5UNK		2.782	4.942	5.043		0.780	0.193	0.027
B001OC62U0		2.892	4.780	5.135		0.684	0.283	0.033
B001OD6YS4		3.139	5.297	5.306		0.601	0.362	0.037
B001ODAHF0		3.299	5.297	5.290		0.520	0.441	0.039
B001OI237U		2.819	5.307	5.059		0.521	0.440	0.039
B001OMES60		4.121	5.542	5.236		0.590	0.373	0.037
B001OMGDO0		3.018	5.106	5.191		1.000	0.000	0.000
B001OWCOTS		3.108	4.581	4.871		0.710	0.259	0.031
B001P1WIRG		3.595	5.067	5.102		0.492	0.469	0.039
B001P3V64U		2.809	4.876	5.237		0.677	0.290	0.033
B001P5MT0I		3.326	4.731	5.265		0.268	0.693	0.039
B001PADJUC		3.205	5.333	4.893		0.543	0.418	0.039
B001PBFWMO		2.780	4.766	5.171		0.706	0.263	0.031
B001PC6RZE		3.439	5.084	5.118		0.244	0.722	0.034
B001PKYWYE		3.356	5.019	4.995		0.372	0.589	0.039
B001PTGPTK		2.968	5.323	5.566		0.819	0.157	0.024
B001PVAXZK		3.255	4.458	5.145		0.990	0.008	0.002
B001Q3L8RY		3.246	5.336	5.159		0.636	0.327	0.036
B001Q4VOW2		3.411	5.195	5.098		0.188	0.782	0.031
B001Q64AT4		3.498	5.326	5.358		0.453	0.509	0.039
B001Q87LES		3.286	4.956	5.287		0.424	0.537	0.039
B001QC3CKG		3.383	4.837	5.153		0.316	0.646	0.038
B001QCIG16		2.728	4.639	5.159		0.964	0.029	0.007
B001QFDHC6		3.518	5.856	5.219		0.441	0.520	0.040
B001QGITNC		3.171	5.017	5.168		0.521	0.441	0.038
B001QGKX9U		3.355	5.232	5.056		0.535	0.427	0.038
B001QIJ83A		2.798	5.131	4.915		0.945	0.044	0.011
B001QIN6ME		3.235	4.943	5.160		0.479	0.481	0.040
B001QJB6UW		3.579	5.065	5.016		0.716	0.253	0.032
B001QKJ9SC		2.899	4.823	5.167		0.226	0.738	0.036
B001QLPU2K		2.452	4.971	5.148		0.981	0.014	0.004
B001QR2EP0		2.674	4.568	5.132		0.835	0.143	0.022
B001QXCF0I		3.884	4.840	5.274		1.000	0.000	0.000
B001QXCF0S		2.764	4.879	5.034		0.733	0.236	0.030
B001QXCF12		3.187	5.356	4.988		0.597	0.366	0.038
B001R1I44U		2.724	5.092	5.059		0.912	0.073	0.015
B001R2L6PS		2.803	5.063	5.273		0.972	0.022	0.006
B001R44CQQ		3.138	4.785	5.040		0.381	0.579	0.040
B001R5TJ8G		3.026	5.022	5.513		0.651	0.315	0.035
B001R5VNYY		3.577	5.255	4.938		0.291	0.672	0.037
B001R8YYOC		3.958	5.413	5.401		0.480	0.481	0.039
B001R95J2W		3.090	4.965	5.159		0.734	0.236	0.030
B001RJUVS4		3.405	5.258	5.109		0.383	0.578	0.039
B001RJWM2M		4.173	5.251	5.163		0.346	0.617	0.037
B001RLUS5S		3.067	5.004	4.958		0.518	0.444	0.038
B001RR7GY8		2.663	4.781	5.195		0.787	0.187	0.026
B001RV741O		3.046	4.969	5.061		0.661	0.305	0.034
B001RVAPQ0		3.875	5.038	5.255		0.422	0.539	0.039
B001SKKW0E		2.966	5.084	5.186		0.488	0.472	0.040
B001SMBRWO		3.020	4.932	5.373		0.458	0.502	0.040
B001T42ZNG		3.924	4.918	4.885		0.772	0.200	0.028
B001T565PY		3.125	5.383	5.150		0.898	0.085	0.017
B001TK3D1I		3.572	5.251	5.127		0.445	0.517	0.039
B001TK8MY6		3.071	4.974	5.438		0.833	0.145	0.022
B001TMQ62Y		3.793	5.362	5.560		0.271	0.693	0.036
B001TMUOI6		2.999	5.079	5.183		0.521	0.441	0.038
B001TUZOBA		2.925	5.330	5.024		0.496	0.464	0.040
B001TWI81G		2.568	5.380	5.096		0.345	0.618	0.038
B001TZ0NYS		2.813	5.149	4.895		0.832	0.144	0.024
B001U0PXZG		3.068	5.070	5.124		0.271	0.692	0.037
B001U9OUYC		3.440	5.204	5.096		0.369	0.592	0.039
B001UF8BL4		3.689	5.068	5.104		0.568	0.395	0.037
B001UFBVA2		1.621	4.895	5.144		0.976	0.018	0.005
B001UFFE82		2.336	4.881	5.130		0.807	0.168	0.025
B001UFJ2M6		2.633	5.816	5.079		0.952	0.038	0.010
B001UFSEH0		3.380	5.173	4.844		0.508	0.454	0.038
B001ULCJFM		3.133	5.023	5.071		0.394	0.566	0.040
B001UVJHY8		3.003	5.587	5.044		0.330	0.633	0.037
B001UYVYTQ		3.140	5.259	5.084		0.388	0.572	0.039
B001V6422Y		3.264	5.826	5.163		0.390	0.570	0.039
B001V67RM6		3.324	5.206	5.189		0.428	0.533	0.039
B001V7R55Y		2.987	5.075	5.111		0.167	0.801	0.031
B001V9JMPI		3.014	5.143	5.180		0.303	0.659	0.038
B001V9KPAE		2.746	4.620	5.181		0.305	0.656	0.039
B001V9KPBI		2.853	4.579	5.072		0.374	0.587	0.039
B001VKY7VG		3.137	5.302	5.200		0.369	0.592	0.039
B001W039YG		3.904	5.282	5.218		0.630	0.335	0.035
B001W1SXT6		3.095	5.268	5.358		0.585	0.378	0.037
B001W2CCY2		3.976	5.733	5.038		0.601	0.363	0.036
B001W2YCG8		3.284	5.502	5.291		0.223	0.743	0.034
B001W2YCH2		3.443	5.732	5.109		0.547	0.414	0.038
B001WAJVZM		3.082	5.228	5.117		0.388	0.573	0.040
B001WAM98S		3.079	5.005	5.334		0.614	0.350	0.036
B001X6IVCO		2.955	4.969	4.810		0.132	0.842	0.026
B001XDKTXQ		2.974	4.799	4.998		0.652	0.313	0.034
B001XOVF3I		3.386	5.003	5.148		0.464	0.496	0.040
B001XR06RQ		3.607	5.397	5.096		0.705	0.262	0.033
B00205JY78		4.556	4.175	4.986		0.157	0.825	0.019
B00208IO2G		3.706	5.509	5.234		0.623	0.341	0.036
B00208KCUS		3.634	5.453	5.070		0.387	0.574	0.039
B00208KJ0G		3.514	5.891	5.322		0.480	0.481	0.039
B00208NUOI		3.466	5.677	4.999		0.370	0.592	0.039
B00208PXGQ		3.420	5.654	5.225		0.326	0.636	0.038
B00213DTT8		3.450	5.166	5.063		0.232	0.735	0.033
B0021435SC		2.738	5.054	5.077		0.815	0.160	0.025
B0021L8S82		3.383	5.004	5.132		0.432	0.529	0.039
B0022VDFSE		4.039	5.461	5.029		0.737	0.232	0.031
B0022VHOZO		4.091	5.221	5.027		0.952	0.038	0.010
B00238MEQA		2.558	4.716	5.021		0.453	0.508	0.039
B0024CW36Q		3.339	5.436	5.160		0.627	0.337	0.036
B0024OQT6E		3.210	4.845	4.941		0.417	0.544	0.039
B00260GN0I		3.363	5.298	5.057		0.376	0.584	0.039
B00261BAAK		4.250	5.318	5.369		0.444	0.517	0.040
B002626H52		3.055	5.102	4.999		0.130	0.844	0.026
B002646750		4.013	5.172	5.296		0.728	0.242	0.030
B002648C0S		2.643	4.733	5.029		0.356	0.605	0.038
B00264HWKY		3.820	5.293	5.121		0.590	0.373	0.037
B0026KUG3S		2.608	4.953	4.975		0.975	0.020	0.006
B00278WA4W		2.980	5.180	5.088		0.356	0.605	0.039
B0027A70QI		3.500	5.549	5.196		0.530	0.432	0.038
B00280MILY		3.542	5.165	5.276		0.842	0.136	0.022
B00280UGFE		3.310	5.131	5.201		0.687	0.280	0.033
B00284ALB4		3.379	4.768	4.982		0.738	0.233	0.030
B0028FUJOW		3.406	5.062	5.189		0.644	0.321	0.035
B0028H3ACS		3.648	5.282	5.315		0.353	0.609	0.038
B0028IDXDS		3.529	5.198	5.140		0.350	0.613	0.038
B0028K2RME		3.570	4.856	5.252		0.706	0.263	0.031
B0028K2RMO		3.435	4.777	5.317		0.594	0.370	0.036
B0028K2RN8		3.688	3.294	5.099		0.040	0.955	0.005
B0028K2RNI		3.325	4.845	4.636		0.749	0.221	0.030
B0028MI4M4		3.139	4.991	5.052		0.242	0.723	0.035
B00295MQLU		3.019	5.130	5.072		0.232	0.735	0.034
B0029DO5ZC		3.692	5.952	5.282		0.410	0.551	0.039
B0029DPEMU		2.384	4.803	5.190		0.750	0.221	0.029
B0029DPGDW		3.096	5.097	5.053		0.498	0.463	0.039
B0029F1O2M		1.888	5.007	5.063		0.964	0.029	0.007
B0029F1O6I		3.134	2.396	5.069		0.004	0.996	0.001
B0029F1O72		3.692	4.818	5.365		0.348	0.612	0.040
B0029PUFA4		3.819	5.148	5.163		0.300	0.664	0.036
B0029WMOJ2		2.061	4.910	4.924		0.951	0.039	0.009
B002A8JH0Y		2.850	5.472	5.137		0.480	0.480	0.040
B002A9IYES		2.853	4.919	5.179		0.643	0.322	0.035
B002A9IZ0Q		3.432	5.181	5.126		0.393	0.569	0.038
B002A9JCVW		3.614	5.272	5.297		0.286	0.678	0.036
B002A9JCWQ		3.571	5.283	5.197		0.344	0.619	0.037
B002A9JCY4		2.564	4.831	5.108		0.978	0.017	0.005
B002ACCC52		3.233	5.088	5.041		0.474	0.487	0.039
B002ACEGDS		3.047	4.949	5.144		0.250	0.715	0.035
B002ACOY0I		2.199	3.738	4.947		1.000	0.000	0.000
B002AKRJ4I		3.365	5.500	5.340		0.612	0.352	0.036
B002ANVGUI		3.225	4.818	5.045		0.205	0.761	0.034
B002ARHOCS		3.530	4.697	5.347		0.783	0.192	0.026
B002AWROL4		4.270	4.598	5.086		0.060	0.077	0.863
B002AX0B18		3.336	5.003	5.398		0.610	0.354	0.036
B002AX5IAW		3.188	5.212	5.000		0.567	0.394	0.038
B002B55AB6		3.517	4.992	5.152		0.451	0.509	0.040
B002B55AC0		2.959	5.197	5.005		0.793	0.180	0.027
B002B55BN8		2.908	5.106	5.194		0.752	0.218	0.029
B002BH3NE0		2.931	5.128	5.026		0.426	0.534	0.040
B002BS1NPK		2.638	4.837	5.054		0.698	0.270	0.033
B002BSGWSS		2.925	5.227	5.301		0.724	0.245	0.031
B002BSGWTW		3.404	4.998	5.634		0.655	0.311	0.034
B002BSGXFA		3.573	5.359	5.094		0.382	0.579	0.039
B002BSHTS0		3.801	4.882	4.921		0.714	0.255	0.031
B002BSHTSU		3.520	5.077	5.291		0.429	0.531	0.040
B002BSHTVW		3.398	5.039	5.139		0.396	0.566	0.039
B002BTP9FY		2.790	5.433	5.232		0.488	0.472	0.040
B002BY5CEM		3.485	5.519	5.153		0.659	0.307	0.035
B002C1AWUI		3.751	5.477	4.815		0.486	0.474	0.039
B002C1AWVC		3.447	5.010	5.419		0.256	0.706	0.038
B002C30S96		3.608	5.213	5.118		0.289	0.673	0.037
B002C499CW		3.471	5.291	5.110		0.348	0.613	0.039
B002CGRSX2		3.044	5.100	5.049		0.169	0.800	0.030
B002CGRTFY		3.228	4.782	5.137		0.080	0.894	0.026
B002CN5E22		3.560	5.326	5.201		0.522	0.439	0.039
B002CRIQSW		3.239	5.572	5.186		0.616	0.347	0.036
B002CYJU6C		2.685	4.995	5.163		0.200	0.767	0.033
B002D3XEKA		3.228	5.201	5.497		0.319	0.643	0.038
B002DELZ46		3.256	5.992	4.976		0.866	0.112	0.022
B002DN8HCK		3.180	5.011	4.974		0.551	0.411	0.038
B002DND57M		2.668	4.724	5.113		0.542	0.420	0.038
B002DPOS94		2.017	4.603	5.065		0.434	0.527	0.039
B002DR41S0		3.413	4.824	4.998		0.589	0.375	0.037
B002DWALS4		3.538	4.952	5.154		0.443	0.518	0.039
B002DWALSO		2.358	4.919	4.839		0.280	0.682	0.039
B002DWALTI		3.792	5.291	5.176		0.360	0.602	0.037
B002DYIIIM		2.924	4.441	5.185		0.616	0.349	0.035
B002ECZUNE		3.330	4.969	5.216		0.603	0.361	0.036
B002EEO68C		3.748	5.098	5.183		0.188	0.779	0.032
B002EL4J14		3.391	5.376	5.162		0.258	0.708	0.035
B002F9MUL6		2.784	5.090	4.998		0.595	0.367	0.038
B002F9MUM0		3.093	4.916	5.128		0.585	0.378	0.037
B002F9MUTI		3.351	4.323	5.249		0.703	0.267	0.030
B002F9MUUM		3.086	5.312	5.307		0.782	0.191	0.027
B002F9MUWK		2.954	4.857	5.236		0.232	0.733	0.035
B002FB7E5Q		3.335	5.225	5.150		0.534	0.428	0.038
B002FB7FLE		3.312	5.133	5.224		0.378	0.583	0.039
B002FKAMLA		3.128	4.813	5.324		0.224	0.739	0.037
B002FKE4UU		3.516	5.415	5.014		0.406	0.556	0.038
B002FOSDEY		3.282	5.151	5.311		0.473	0.487	0.040
B002G51EJ8		2.590	5.110	5.060		0.986	0.011	0.003
B002G9UTU4		2.993	5.012	5.120		0.425	0.535	0.040
B002GCEMCM		3.519	5.750	5.139		0.646	0.318	0.036
B002GD4H6M		3.098	5.082	5.208		0.609	0.354	0.037
B002GDF8GU		3.327	4.927	5.305		0.619	0.346	0.035
B002GESUBE		2.866	5.204	5.077		0.513	0.448	0.039
B002GKC4AG		3.125	5.052	5.172		0.318	0.645	0.037
B002GP76K4		2.921	4.971	5.075		0.944	0.046	0.010
B002GWVDNS		3.679	5.072	4.863		0.525	0.437	0.038
B002GWVZDG		3.578	5.076	5.154		0.387	0.575	0.039
B002H9XCNO		3.469	4.997	5.229		0.235	0.730	0.036
B002HGOYG6		4.063	5.923	5.238		0.754	0.216	0.030
B002HIFIJG		3.410	4.824	4.758		0.345	0.616	0.039
B002HIH3NK		2.312	5.028	4.964		0.623	0.341	0.036
B002HMC29Q		3.206	4.985	5.059		0.435	0.526	0.039
B002HOQOJS		3.692	4.741	5.131		0.718	0.252	0.030
B002I3WXLQ		2.963	4.988	4.983		0.784	0.188	0.028
B002I42MM0		2.862	5.067	5.016		0.464	0.497	0.040
B002ITOC7S		2.986	5.097	5.069		0.220	0.747	0.033
B002IVTPIW		3.242	5.197	5.157		0.509	0.452	0.038
B002IWYXH4		3.018	4.863	4.998		0.723	0.246	0.031
B002J4U8KW		2.934	4.749	4.900		0.855	0.124	0.021
B002J4U8L6		3.604	5.204	5.452		0.520	0.441	0.038
B002J4U8M0		3.810	4.969	5.188		0.539	0.423	0.038
B002J4U8P2		2.981	4.777	4.964		0.687	0.279	0.033
B002K5C4TI		3.772	4.906	5.254		0.370	0.591	0.039
B002K682OI		4.024	5.129	5.083		0.586	0.378	0.037
B002KCNEDG		3.772	5.156	5.124		0.285	0.679	0.036
B002KCNEEA		3.373	4.893	5.035		0.388	0.573	0.039
B002KCNEGS		3.589	4.979	4.942		0.736	0.234	0.030
B002KCNLEI		2.796	4.925	5.309		0.239	0.725	0.036
B002KCNMFQ		3.127	5.192	4.999		0.266	0.699	0.035
B002KFYJDW		3.524	4.912	5.037		0.750	0.221	0.029
B002KKQBK6		3.343	5.052	5.110		0.670	0.296	0.034
B002KKSAQE		3.278	4.911	5.143		0.257	0.707	0.036
B002KSCA8U		2.647	4.783	5.448		0.473	0.488	0.039
B002L3T9VA		3.346	5.009	5.134		0.754	0.217	0.029
B002L3T9WE		3.639	5.965	5.042		0.591	0.372	0.037
B002L3T9XI		3.191	5.582	5.033		0.548	0.414	0.038
B002L3T9YM		4.099	5.208	5.137		0.295	0.669	0.036
B002L7T42A		3.658	5.317	5.093		0.474	0.487	0.038
B002L7UDQQ		3.874	6.015	5.110		0.499	0.463	0.038
B002LARFK0		3.217	4.955	5.241		0.767	0.205	0.028
B002LARFQ4		3.214	5.167	5.352		0.663	0.303	0.034
B002LGISRS		3.355	4.947	5.065		0.490	0.472	0.039
B002LRAPNC		2.998	5.074	5.108		0.939	0.050	0.011
B002LTT65I		3.151	5.132	5.300		0.404	0.557	0.040
B002LUPZCK		3.231	4.983	5.081		1.000	0.000	0.000
B002LVEK34		3.516	4.966	5.317		0.370	0.591	0.039
B002LZEJ90		3.239	5.091	5.095		0.615	0.349	0.036
B002M77N22		3.308	5.136	5.308		0.307	0.655	0.038
B002MN3JY2		3.012	5.173	5.140		0.516	0.445	0.038
B002MXP3SM		3.854	5.152	5.293		0.238	0.727	0.035
B002MZZJU2		3.099	5.212	4.995		0.333	0.629	0.038
B002N5F2F8		3.765	5.303	5.114		0.458	0.502	0.040
B002N5IE8U		3.277	5.055	5.206		0.447	0.514	0.039
B002NGMXTU		3.093	4.832	5.315		0.720	0.249	0.030
B002NGNF24		3.030	4.853	5.001		0.896	0.088	0.017
B002NGNF60		3.069	5.230	5.070		0.203	0.765	0.032
B002NGNFBK		3.138	4.726	5.205		0.818	0.159	0.023
B002NGNGBO		2.872	4.949	5.221		0.047	0.933	0.020
B002NUV82E		2.796	4.829	5.303		0.728	0.242	0.030
B002O04WU8		4.122	4.852	5.371		0.643	0.323	0.034
B002O1AFB2		3.039	4.761	5.165		0.100	0.872	0.028
B002O3JH9Q		3.495	4.507	5.191		0.647	0.319	0.034
B002OC1M22		3.257	5.299	5.108		0.488	0.472	0.040
B002OC32XO		2.717	5.280	4.995		0.383	0.577	0.039
B002OC32ZM		3.471	5.338	5.274		0.485	0.476	0.039
B002OL1STK		3.143	5.111	4.997		0.532	0.429	0.038
B002OL1T62		3.597	4.915	5.181		0.632	0.333	0.035
B002OL1TBW		3.351	4.930	5.091		0.575	0.388	0.037
B002OL1TIK		4.787	5.206	5.264		1.000	0.000	0.000
B002OL1TSA		3.042	5.156	5.074		0.737	0.233	0.031
B002ONUZMY		3.782	4.806	5.382		0.723	0.247	0.030
B002OOWAB2		3.456	5.192	5.152		0.453	0.507	0.040
B002OOWACG		2.166	4.683	5.071		1.000	0.000	0.000
B002OOWADA		2.863	6.114	5.181		0.536	0.424	0.040
B002OOWADK		3.533	5.019	5.163		0.431	0.531	0.039
B002OOWADU		3.272	4.592	5.080		0.876	0.106	0.018
B002OOWAGW		3.298	5.064	5.269		0.362	0.600	0.038
B002OOWAK8		3.313	5.043	5.229		0.561	0.401	0.037
B002OOWAKS		3.278	5.088	5.148		0.479	0.483	0.039
B002OOZ0K0		3.556	5.442	5.139		0.355	0.608	0.037
B002OSRFRC		3.237	5.315	5.126		0.463	0.497	0.040
B002P3GWUW		3.296	5.503	5.049		0.674	0.292	0.034
B002PASFGO		2.653	5.361	5.166		0.500	0.461	0.039
B002PAV6T2		3.096	5.111	5.099		0.551	0.411	0.038
B002PO1A7G		2.069	4.749	5.024		0.358	0.603	0.039
B002PUR7YU		3.038	5.723	5.181		0.303	0.659	0.037
B002Q0YA26		2.646	5.485	5.389		0.371	0.588	0.041
B002QB2LHQ		4.103	5.095	5.195		0.468	0.494	0.039
B002QRVH1Q		2.834	5.054	5.152		0.558	0.403	0.038
B002QUYZUI		3.003	4.716	5.066		0.690	0.277	0.033
B002QXMV9W		3.656	5.688	5.303		0.528	0.432	0.039
B002QYW8LW		3.722	5.118	5.168		0.300	0.663	0.037
B002QZ64T8		2.853	5.157	5.162		0.652	0.312	0.035
B002R0DVL6		3.359	5.015	5.279		0.351	0.609	0.039
B002R12PP8		3.244	4.957	5.076		0.672	0.295	0.034
B002R26LZM		3.021	5.139	5.024		0.725	0.244	0.031
B002R277AA		3.498	5.109	5.112		0.326	0.636	0.037
B002R59NNG		2.464	5.713	4.929		0.395	0.567	0.039
B002R7I9OI		2.946	5.165	5.101		0.220	0.745	0.035
B002R8QAT8		2.893	4.594	4.998		0.825	0.152	0.023
B002RAYVKG		3.218	5.334	5.130		0.332	0.631	0.037
B002RIII48		3.162	4.387	5.016		0.765	0.208	0.027
B002RIPRBA		3.909	5.050	5.020		0.628	0.337	0.035
B002RJ2BUY		3.190	4.926	4.892		0.580	0.383	0.037
B002RL808Y		3.310	5.113	5.457		0.417	0.544	0.039
B002RLVGOE		2.633	4.433	5.150		0.441	0.519	0.040
B002RON42I		3.496	4.974	5.161		0.565	0.398	0.037
B002RRIDPI		2.627	5.211	5.113		0.777	0.195	0.028
B002RRLUSA		2.884	4.679	5.371		0.939	0.050	0.010
B002RSB3QS		3.651	4.812	5.376		0.573	0.390	0.037
B002RT8O6E		2.517	5.282	4.816		0.748	0.222	0.031
B002RWIQ5U		3.810	4.915	5.245		0.835	0.143	0.022
B002S3EJLS		3.115	5.103	5.310		0.271	0.693	0.036
B002SDD7LQ		3.081	4.846	5.472		0.730	0.240	0.030
B002SDDD3I		3.035	4.801	5.036		0.740	0.230	0.030
B002SG7JI0		3.689	5.509	5.089		0.601	0.362	0.037
B002SG7JRG		2.832	5.296	5.149		0.321	0.641	0.038
B002SG7JSU		3.224	5.009	5.066		0.342	0.619	0.039
B002SG7JY4		2.943	5.167	5.071		0.658	0.307	0.035
B002SKLZLS		3.322	5.173	5.289		0.860	0.119	0.020
B002SNAG4C		3.374	5.080	5.196		0.470	0.492	0.038
B002SNAK48		3.031	5.434	5.602		0.275	0.688	0.036
B002SRK1G6		3.372	5.181	5.225		0.461	0.500	0.040
B002SSEMWO		2.954	5.315	5.053		0.130	0.844	0.026
B002SV4N0M		3.181	4.937	4.958		0.615	0.348	0.037
B002SW3C7G		3.619	5.442	5.252		0.409	0.553	0.038
B002SW3CG2		3.272	5.049	5.177		0.557	0.406	0.038
B002SW3CK8		3.310	5.226	5.256		0.403	0.557	0.040
B002SZGS10		3.073	5.229	5.108		0.967	0.026	0.007
B002SZH45E		2.988	5.048	5.212		0.355	0.606	0.039
B002SZK7QM		2.592	5.166	5.054		0.997	0.002	0.001
B002SZT35S		2.603	4.770	4.998		0.432	0.526	0.042
B002T1HGZK		3.814	5.569	5.089		0.599	0.364	0.037
B002T2282A		3.152	4.965	4.944		0.336	0.625	0.039
B002T5Q01C		3.041	5.104	4.984		0.612	0.351	0.037
B002T68M30		2.846	4.342	5.116		0.904	0.081	0.014
B002T8X3BO		2.888	5.186	5.422		0.433	0.528	0.039
B002T92J4K		3.605	4.920	4.972		0.592	0.371	0.037
B002TLSSIE		3.255	5.024	5.025		0.744	0.226	0.030
B002TNBIEI		3.018	5.263	5.060		0.490	0.470	0.040
B002TOKHIK		3.136	4.872	5.101		0.579	0.384	0.037
B002TOKHJE		3.698	5.076	5.265		0.605	0.359	0.036
B002TOKHJY		2.798	4.964	5.006		0.763	0.208	0.029
B002TOKHLC		3.299	4.860	5.076		1.000	0.000	0.000
B002U0KA0S		3.309	4.725	5.119		0.257	0.706	0.037
B002U1G3NK		3.017	5.162	5.337		0.212	0.752	0.036
B002U3ZSBG		3.234	5.865	5.269		0.383	0.577	0.039
B002U44XOI		2.904	5.275	5.056		0.534	0.427	0.039
B002UD65PY		3.090	4.965	5.089		0.707	0.261	0.033
B002UD65RM		3.241	5.137	4.876		0.352	0.609	0.039
B002UD65Y0		3.000	5.397	4.978		0.771	0.200	0.029
B002UD65YK		3.421	5.009	5.065		0.394	0.567	0.039
B002UD65ZE		3.505	5.079	5.373		0.336	0.624	0.039
B002UD660S		3.572	5.059	5.247		0.224	0.741	0.035
B002UD6C0C		3.242	5.595	5.136		0.638	0.326	0.037
B002UD6C1G		3.176	5.092	5.260		0.431	0.530	0.039
B002UFWTHU		3.815	5.133	5.048		0.478	0.484	0.038
B002UHJ0IE		3.280	5.028	5.364		0.917	0.069	0.014
B002UHKMRM		3.096	5.231	5.024		0.261	0.705	0.034
B002UJGK1C		3.088	5.116	4.969		0.496	0.464	0.040
B002UN4G0U		3.597	5.280	5.498		0.230	0.735	0.035
B002UP1WS2		3.249	5.280	5.139		0.381	0.580	0.038
B002US8D5Y		3.786	5.378	5.373		0.386	0.574	0.040
B002USCHWY		3.868	4.666	5.553		0.855	0.127	0.018
B002USCIR8		2.804	5.018	5.299		0.740	0.230	0.030
B002UXQM16		3.576	4.766	5.141		0.476	0.485	0.039
B002UXQM3E		3.043	4.997	5.147		0.797	0.177	0.027
B002UXQM5M		3.518	4.683	5.269		0.361	0.600	0.040
B002UXQM66		3.492	5.188	5.336		0.329	0.633	0.038
B002UXQRES		3.095	4.837	5.088		0.407	0.554	0.039
B002UXQRFW		3.024	4.756	5.186		0.331	0.630	0.039
B002UXQRGQ		3.540	3.828	5.009		0.673	0.298	0.028
B002UXQRHA		3.093	4.585	5.190		0.542	0.420	0.038
B002UXQRKW		2.800	4.925	5.060		0.954	0.038	0.009
B002UXQRLG		3.010	4.828	5.113		0.310	0.651	0.039
B002UXQRMU		2.821	4.786	5.097		0.451	0.510	0.040
B002V3IQVE		2.764	5.114	5.050		0.630	0.335	0.036
B002V92XAS		2.960	4.862	5.196		0.541	0.421	0.038
B002V92XRQ		3.731	4.873	5.326		0.573	0.390	0.037
B002VAISOM		3.574	5.111	5.244		0.205	0.761	0.034
B002VBXY40		3.399	5.029	5.044		0.495	0.466	0.039
B002VBXY4U		2.935	4.736	5.354		0.722	0.248	0.030
B002VBXY54		3.096	4.963	5.196		0.467	0.494	0.039
B002VBXY5E		2.762	4.693	5.095		0.499	0.463	0.038
B002VBXY6I		3.179	4.882	4.826		0.909	0.076	0.015
B002VHBU2W		3.837	4.936	5.168		0.366	0.594	0.040
B002VLGD2A		3.318	5.279	5.371		0.603	0.361	0.036
B002VPCPRS		2.946	5.248	5.110		0.540	0.421	0.039
B002VUCADM		3.386	5.104	5.006		0.835	0.142	0.023
B002VUCB5Y		2.737	4.946	5.037		0.994	0.004	0.002
B002VUCB6S		3.210	5.135	4.945		0.586	0.377	0.037
B002VUCBC2		3.542	4.967	5.229		0.261	0.703	0.036
B002VWRPZ8		4.148	5.372	5.209		0.481	0.481	0.038
B002VWZU7S		3.895	5.294	5.312		0.386	0.575	0.039
B002VX0A40		3.583	4.964	5.505		0.370	0.590	0.039
B002VXO16S		3.389	5.329	5.268		0.449	0.511	0.040
B002VXQ648		2.835	4.879	4.917		0.974	0.021	0.006
B002W5HN0G		3.080	5.659	5.527		0.370	0.592	0.038
B002W5VDGG		2.882	5.043	5.156		0.485	0.477	0.039
B002WB2G8Y		3.292	5.033	5.087		0.544	0.418	0.038
B002WB2GAM		3.246	5.166	5.110		0.349	0.612	0.039
B002WB2GKW		2.951	5.214	5.218		0.918	0.068	0.014
B002WB2GLG		3.481	5.193	5.068		0.540	0.422	0.038
B002WDAW5Q		3.502	5.183	5.331		0.292	0.671	0.037
B002WDEIVA		3.135	5.171	5.081		0.421	0.540	0.039
B002WGI5NO		3.068	5.174	5.220		0.427	0.534	0.039
B002WGI5O8		3.218	5.076	5.487		0.334	0.628	0.038
B002WGI5SE		3.197	5.054	5.007		0.502	0.460	0.039
B002WLGV08		3.074	4.963	5.034		0.165	0.805	0.031
B002WN20F6		2.880	5.248	5.288		0.477	0.483	0.040
B002WN29CA		4.012	5.059	5.022		1.000	0.000	0.000
B002WN2B6O		2.922	5.271	5.238		0.591	0.372	0.038
B002WN2B78		2.885	4.906	5.142		0.766	0.205	0.029
B002WN2B82		2.785	4.859	5.181		0.580	0.383	0.036
B002WN2BOQ		2.603	5.077	5.117		0.998	0.002	0.001
B002WN2BVO		2.203	4.714	5.095		0.936	0.053	0.011
B002WN2BY6		2.831	4.944	5.084		0.768	0.204	0.028
B002WP9O5I		3.169	4.950	5.239		0.299	0.664	0.037
B002X7DDM0		3.104	5.106	4.933		0.466	0.496	0.039
B002X7PBH0		3.126	5.166	5.211		0.205	0.763	0.032
B002XLG2IS		2.164	4.993	5.080		0.970	0.024	0.006
B002XLK22A		3.072	5.338	5.172		0.809	0.165	0.026
B002XMRGMS		3.229	5.005	5.264		0.497	0.463	0.039
B002XNK2VO		3.532	5.071	5.213		0.244	0.720	0.035
B002XVRKHK		2.795	5.019	4.817		0.439	0.522	0.039
B002XZKY6K		3.406	4.638	5.223		0.266	0.695	0.039
B002YAQPT4		3.000	4.848	4.930		0.551	0.411	0.038
B002YGSTH4		3.357	5.071	5.174		0.603	0.361	0.036
B002YPO1KY		2.926	4.899	5.292		0.865	0.115	0.019
B002YQPDFK		3.323	4.802	5.143		0.469	0.492	0.039
B002YQQQJW		3.256	5.083	5.146		0.570	0.393	0.037
B002YQS9TW		3.890	5.280	5.331		0.347	0.615	0.039
B002YQWKHE		3.292	5.178	5.191		0.543	0.419	0.038
B002ZG7JPG		3.625	5.280	5.313		0.358	0.604	0.038
B002ZKSZ82		3.011	4.785	5.105		0.785	0.188	0.026
B002ZNKTIS		2.487	4.787	5.033		0.636	0.329	0.035
B002ZYWADO		3.232	5.265	5.000		0.188	0.782	0.030
B0030CFZUK		3.238	5.114	5.050		0.521	0.441	0.038
B0030DFRGQ		3.356	5.404	5.319		0.436	0.524	0.040
B0030DFRHK		3.295	5.390	5.070		0.658	0.306	0.036
B0030DFSWO		2.720	4.670	4.944		1.000	0.000	0.000
B0030DG4PO		2.908	4.440	5.119		0.387	0.573	0.040
B0030EH8OO		3.387	5.150	5.021		0.549	0.413	0.038
B0030HWJOA		2.782	5.074	5.149		0.905	0.079	0.016
B0030IICWC		2.839	4.778	4.816		0.870	0.110	0.020
B0030NJKZA		3.328	5.377	5.251		0.273	0.691	0.036
B0030UT1AW		2.291	5.062	4.788		0.984	0.012	0.004
B0030UUBMO		3.204	4.977	5.101		0.506	0.455	0.039
B0030V2I6U		2.942	4.793	5.074		0.969	0.024	0.006
B0030XF11C		3.507	5.421	5.071		0.562	0.401	0.038
B0030XN6JQ		3.781	3.192	5.395		0.068	0.924	0.008
B00310GIR0		3.090	5.113	5.110		0.566	0.396	0.037
B00312EFQO		3.202	5.351	5.040		0.599	0.364	0.037
B003151MZI		2.701	5.427	5.188		0.741	0.229	0.031
B00318CLA0		2.665	5.281	4.934		0.925	0.062	0.014
B00318CLNM		2.771	5.370	5.009		0.676	0.289	0.034
B00318CLTG		2.902	4.654	4.908		0.674	0.292	0.033
B00318CLUK		2.672	5.046	5.116		0.735	0.235	0.030
B00318CLVE		2.369	5.001	4.664		0.546	0.415	0.038
B00318CM5Y		2.844	5.143	5.101		0.352	0.609	0.039
B00318CMA4		3.903	4.906	5.033		0.109	0.864	0.027
B00319CK6O		3.209	5.025	5.208		0.214	0.751	0.035
B0031A1R26		3.301	4.970	5.018		0.283	0.681	0.037
B0031ALSWK		3.407	5.250	5.041		0.470	0.491	0.039
B0031B5CEE		3.618	5.064	5.157		0.670	0.296	0.034
B0031E1GEG		2.842	4.806	5.009		0.626	0.338	0.035
B0031ELKHY		3.181	5.110	5.070		0.315	0.648	0.037
B0031ES8TW		3.217	5.146	5.587		0.414	0.547	0.039
B0031M9EHE		3.205	5.130	5.075		0.586	0.377	0.037
B0031QPN52		3.222	5.139	5.056		0.571	0.391	0.038
B0031VLRYI		3.669	5.258	5.213		0.499	0.463	0.039
B0031Y1CDG		3.294	5.292	5.255		1.000	0.000	0.000
B00328PR7S		2.785	5.177	5.430		0.580	0.383	0.038
B0032AMM9M		2.905	4.993	5.135		0.458	0.502	0.040
B0032AYC72		3.584	4.497	5.055		0.269	0.691	0.040
B0032B0FI6		3.138	4.988	5.244		0.785	0.187	0.027
B0032BEFPK		3.544	5.188	5.030		0.555	0.407	0.038
B0032FOOPM		2.546	4.274	5.089		0.637	0.328	0.034
B0032FOOQ6		3.198	5.427	5.131		0.419	0.541	0.040
B0032FOOQQ		2.189	4.838	4.782		0.977	0.018	0.005
B0032FOORA		2.949	5.059	5.012		0.840	0.137	0.023
B0032FOOXO		2.819	4.843	4.979		0.982	0.014	0.004
B0032G9E0G		3.454	5.226	5.158		0.335	0.626	0.039
B0032UXG3I		3.860	5.044	5.336		0.372	0.589	0.039
B00336UWE2		3.542	4.745	5.062		0.880	0.102	0.018
B0033B9CZ2		2.803	5.092	5.031		0.460	0.501	0.039
B0033RIE28		2.856	4.831	5.213		0.407	0.553	0.040
B0033UVJOU		3.360	5.224	5.149		0.698	0.270	0.033
B0033UWTEY		3.676	5.417	5.121		0.539	0.423	0.038
B0033WRTA6		3.165	4.900	5.300		0.280	0.683	0.037
B00342UIFI		3.236	5.052	5.129		0.526	0.436	0.038
B003457E16		3.085	4.921	5.128		0.867	0.114	0.020
B0034G5V2O		3.758	6.910	5.110		0.714	0.253	0.034
B0034G60JM		3.345	4.898	5.214		0.458	0.503	0.040
B0034G61DC		3.841	5.493	5.058		0.411	0.551	0.037
B0034H4IL8		2.206	4.736	5.027		0.295	0.667	0.038
B0034H4IWM		3.052	4.948	5.243		0.611	0.353	0.036
B0034J2DN6		3.474	5.801	5.182		0.518	0.442	0.040
B0034JHD5Y		3.976	5.202	5.026		0.670	0.296	0.034
B0034L00OS		3.023	5.143	5.082		0.201	0.767	0.032
B0034L00UC		2.936	5.298	4.977		0.788	0.185	0.028
B0034UGFB6		3.785	5.002	5.251		0.468	0.493	0.039
B0034XQXB0		2.983	5.046	5.130		0.485	0.475	0.040
B003554HUQ		3.594	5.361	5.197		0.868	0.112	0.020
B0035EQKG6		3.437	5.050	5.306		0.169	0.799	0.032
B0035ER4WU		3.336	5.124	5.091		0.262	0.703	0.036
B0035ER58I		2.490	4.991	5.124		0.792	0.181	0.026
B0035ER592		2.772	5.155	4.818		0.521	0.440	0.039
B0035ER8IU		3.273	5.621	5.410		0.626	0.337	0.037
B0035ER8KS		3.266	5.177	5.032		0.521	0.440	0.039
B0035EREIY		3.074	5.196	5.061		0.326	0.636	0.038
B0035HS4YO		3.549	5.633	5.210		0.296	0.667	0.037
B0035JL926		2.871	5.151	5.155		0.657	0.309	0.035
B0035LLG2W		3.039	4.759	5.109		0.351	0.609	0.040
B0035RQF54		2.405	4.763	5.121		0.717	0.252	0.031
B00363H1ZU		3.559	4.959	5.173		0.631	0.334	0.035
B00365E5HU		2.546	4.819	5.101		0.565	0.397	0.037
B00368CLXW		3.242	5.310	5.326		0.426	0.534	0.040
B0036DI2TY		3.041	5.147	4.975		0.669	0.297	0.034
B0036DM37G		3.160	5.066	5.077		0.756	0.215	0.029
B0036QV93C		2.890	5.214	5.168		0.594	0.369	0.038
B0036WNB50		2.868	4.836	5.090		0.872	0.109	0.019
B0036Z3DDC		3.401	5.134	5.088		0.653	0.312	0.035
B0036ZZQM8		2.973	4.999	5.148		0.276	0.687	0.036
B0037K66LW		2.820	4.857	5.167		0.833	0.144	0.023
B0037LJAL4		3.414	5.121	5.198		0.629	0.335	0.035
B0037LLGD4		2.706	4.760	5.021		0.804	0.171	0.025
B0037NXP18		3.650	4.962	4.987		0.438	0.523	0.040
B0037UZUR8		3.552	5.062	4.913		0.463	0.498	0.038
B0037W6NZO		3.135	4.774	5.086		0.738	0.232	0.030
B003807VGK		3.058	5.114	5.118		0.219	0.747	0.034
B00384UZUU		3.776	4.813	5.207		0.381	0.580	0.040
B00389VFH2		3.192	5.111	5.216		0.339	0.623	0.038
B0038HT0G2		3.134	5.564	5.072		0.636	0.327	0.037
B0038JDAJ8		3.319	5.110	5.176		0.379	0.582	0.040
B0038JDD2C		3.302	5.111	4.900		0.379	0.583	0.038
B0038JDTTO		2.693	4.913	5.165		0.592	0.371	0.037
B0038JDTYY		2.607	5.576	5.204		0.725	0.243	0.032
B0038JDU9I		2.984	4.985	5.147		0.610	0.353	0.037
B0038JDUBQ		2.562	4.761	5.223		0.626	0.339	0.035
B0038JDUG6		2.599	5.115	4.772		0.597	0.366	0.037
B0038JDUKC		3.130	4.940	5.019		0.536	0.426	0.038
B0038JDUPC		3.671	5.307	5.111		0.435	0.527	0.038
B0038JDUUC		3.421	5.270	5.025		0.435	0.526	0.038
B0038JDUYI		3.654	5.251	5.215		0.304	0.660	0.036
B0038JDV3I		3.753	5.319	5.082		0.464	0.498	0.038
B0038JDV7O		3.103	4.576	5.246		0.409	0.551	0.040
B0038JDVBK		3.249	4.881	5.111		0.349	0.611	0.039
B0038JE5N8		3.682	5.073	5.208		0.344	0.618	0.038
B0038JE5Y2		3.275	4.943	5.189		0.379	0.582	0.040
B0038JE61O		3.237	4.917	5.220		0.232	0.733	0.035
B0038JE650		3.034	5.188	5.122		0.299	0.664	0.036
B0038JE664		3.151	4.864	5.073		0.234	0.730	0.036
B0038JX6QA		2.565	5.571	5.269		0.435	0.525	0.040
B0038W0JHG		3.240	5.157	5.055		0.233	0.734	0.033
B003939VGE		3.549	5.272	5.142		0.434	0.528	0.039
B0039H02OU		2.854	4.953	4.879		0.532	0.429	0.039
B0039KHS2G		2.214	5.036	5.277		0.157	0.812	0.031
B0039LCVGI		3.170	5.057	5.889		0.725	0.246	0.030
B0039MIUXA		3.415	5.412	5.173		0.421	0.541	0.039
B0039MJ5EI		2.886	4.351	5.207		0.929	0.060	0.011
B0039NLVVC		2.779	5.039	5.111		0.759	0.212	0.029
B0039QILUS		3.887	4.939	5.188		0.710	0.259	0.031
B0039UULYS		3.027	5.018	5.264		0.647	0.318	0.035
B0039VCRPI		3.366	5.108	5.435		0.283	0.680	0.037
B0039ZR2XQ		3.298	4.506	4.954		0.639	0.327	0.034
B003A4HY70		3.430	4.927	4.987		0.538	0.425	0.038
B003A5MUD2		3.648	5.269	5.069		0.608	0.356	0.036
B003AHHF8A		4.164	5.411	5.309		0.326	0.637	0.036
B003AJHDQW		3.379	5.229	5.094		0.465	0.496	0.039
B003AJXY10		3.420	5.294	5.070		0.457	0.504	0.039
B003AM8CL4		3.185	5.069	5.027		0.331	0.630	0.039
B003AM8CSC		2.978	5.046	5.075		0.487	0.474	0.039
B003AO6ZQ6		3.429	4.894	5.004		0.305	0.658	0.037
B003AOKA8K		2.663	5.697	5.195		0.802	0.171	0.027
B003B3YYHS		3.997	5.968	5.155		0.548	0.413	0.039
B003BIFNYG		3.935	4.932	5.093		1.000	0.000	0.000
B003BJHV54		2.881	4.606	5.083		0.445	0.515	0.040
B003BL1HIE		3.137	5.149	5.222		0.222	0.744	0.034
B003BNY8LU		3.416	4.828	5.212		0.191	0.774	0.035
B003BNYA3Q		4.241	5.207	4.976		0.650	0.315	0.034
B003BQ9JTI		3.284	4.713	5.079		0.392	0.569	0.039
B003CIUAN4		3.485	5.061	5.136		0.252	0.712	0.036
B003CK3LDI		3.806	5.280	5.194		0.462	0.498	0.040
B003CL8ICQ		2.678	5.094	5.047		0.386	0.575	0.040
B003CLN0JC		3.813	4.914	5.020		0.724	0.245	0.031
B003CN0V7Y		2.822	4.883	5.128		0.641	0.325	0.035
B003CT36NE		3.150	4.927	5.108		0.189	0.776	0.034
B003D3NW1U		2.770	5.076	4.770		0.729	0.240	0.031
B003D3O8A4		3.608	5.417	5.238		0.269	0.694	0.036
B003D6TSC4		3.125	5.283	4.987		0.617	0.347	0.036
B003D7E2XI		3.152	5.104	5.018		0.375	0.585	0.039
B003D7N1YE		3.070	5.006	5.232		0.606	0.357	0.037
B003DKT73A		2.774	4.823	5.046		0.730	0.239	0.030
B003DNS9XG		3.292	5.069	5.182		0.580	0.383	0.038
B003DREZ6W		3.843	5.005	5.156		0.583	0.380	0.037
B003DTL220		3.437	5.093	4.999		0.738	0.231	0.030
B003DVUQR0		4.095	4.895	5.161		0.087	0.883	0.030
B003DXX4DQ		3.313	5.338	5.167		0.452	0.510	0.039
B003EACZYW		3.191	5.749	5.288		0.565	0.397	0.038
B003EB1JB6		3.720	5.113	5.083		0.559	0.403	0.037
B003EKAO1S		3.409	4.925	5.267		0.088	0.885	0.026
B003ES4SBM		3.032	5.176	5.187		0.374	0.588	0.038
B003EUEUVS		3.445	5.143	5.139		0.489	0.472	0.039
B003EXCS96		3.740	5.107	5.170		0.665	0.301	0.034
B003F6XCOC		2.888	4.933	5.141		0.614	0.350	0.036
B003F78CTQ		2.978	4.674	5.499		0.476	0.485	0.039
B003FGWA8G		2.620	5.002	5.073		0.244	0.721	0.035
B003FGX8RI		3.436	5.381	5.064		0.341	0.621	0.038
B003FHES7G		3.981	5.511	5.673		0.525	0.437	0.038
B003FL3B70		3.932	5.529	4.849		0.584	0.379	0.037
B003FLLQXG		3.521	5.055	5.214		0.813	0.163	0.025
B003FOAA2G		3.094	4.715	5.033		0.258	0.705	0.036
B003FPMDSO		3.092	5.052	5.226		0.717	0.251	0.032
B003FPQKYW		3.371	5.137	5.107		0.450	0.511	0.039
B003FVB7SA		3.611	5.226	5.120		0.357	0.604	0.039
B003G2YURS		3.735	5.159	5.162		0.538	0.424	0.038
B003G2YUTQ		3.800	4.952	5.155		0.544	0.418	0.038
B003G2YUU0		3.673	4.955	5.078		0.489	0.473	0.039
B003G2YUUA		3.844	4.801	5.439		0.473	0.487	0.039
B003GAMLMG		3.211	4.893	4.963		0.598	0.365	0.036
B003GAMLPS		2.729	4.704	5.026		0.866	0.115	0.020
B003GAMMN4		3.254	5.050	5.300		0.265	0.697	0.037
B003GAMOBO		2.085	4.879	5.128		0.777	0.195	0.027
B003GQ0LQ8		3.422	5.392	5.115		0.448	0.514	0.039
B003H0KZW8		2.820	5.059	5.169		0.698	0.270	0.032
B003HAPTX8		3.052	5.019	5.199		0.231	0.734	0.035
B003HC8622		3.377	4.684	5.037		0.533	0.429	0.038
B003HIXOTQ		3.347	5.212	5.167		0.315	0.648	0.037
B003HS5JPS		4.060	4.570	5.164		0.384	0.572	0.044
B003HS5JRG		3.592	5.658	5.130		0.416	0.546	0.038
B003I5X2YU		2.847	4.790	5.007		0.736	0.234	0.030
B003I5YWKS		3.347	5.023	5.214		0.301	0.659	0.039
B003I5YY1A		3.417	5.606	5.076		0.369	0.592	0.039
B003I68SFC		3.576	5.080	4.915		0.455	0.505	0.040
B003I7ITS2		3.188	5.226	5.061		0.344	0.618	0.037
B003I824WS		3.671	5.295	5.327		0.644	0.321	0.035
B003I85V9Q		3.603	4.993	5.161		0.342	0.620	0.038
B003I867US		3.249	4.907	5.083		0.707	0.262	0.032
B003I867WQ		3.022	4.760	5.203		0.827	0.150	0.023
B003I867Z8		3.187	4.717	5.157		0.602	0.361	0.037
B003I8687A		3.729	5.073	4.956		0.462	0.500	0.038
B003IGQ1XI		3.530	5.057	5.098		0.910	0.075	0.015
B003IGTQWQ		3.958	3.773	4.996		0.215	0.769	0.016
B003IHVHMC		2.470	5.465	5.472		0.364	0.597	0.039
B003II1XEI		4.240	5.223	4.980		0.728	0.241	0.031
B003IP2L38		3.206	4.936	5.045		0.272	0.689	0.039
B003IP8RRM		2.977	4.883	5.013		0.614	0.350	0.036
B003IT4YC0		2.891	5.300	4.933		0.648	0.317	0.035
B003IXVOF6		2.869	5.568	5.150		0.363	0.599	0.038
B003JFKPW6		3.325	5.024	5.078		0.475	0.487	0.038
B003JJX2IG		3.581	5.250	5.236		0.349	0.612	0.039
B003JQLG4Q		3.182	5.021	5.060		0.496	0.466	0.038
B003JTF2U2		2.887	5.065	5.141		0.588	0.375	0.036
B003K0AJ6M		3.758	5.207	5.094		0.505	0.457	0.038
B003K1Y304		3.756	5.438	4.977		0.520	0.442	0.038
B003KFCV6S		3.150	5.523	5.424		0.627	0.337	0.037
B003KGANTO		3.149	5.007	5.106		0.275	0.688	0.037
B003KGANZ8		3.646	5.235	5.118		0.649	0.316	0.035
B003KMW4EA		3.728	5.327	5.164		0.283	0.681	0.035
B003KMWATY		3.816	5.048	5.614		0.312	0.647	0.040
B003KVWKZO		3.293	4.663	5.150		0.498	0.463	0.039
B003KYSSNE		2.792	4.789	4.946		0.428	0.533	0.039
B003L5BXMU		3.584	4.853	4.910		0.772	0.200	0.028
B003LDV2M8		2.948	5.769	5.114		0.508	0.450	0.042
B003LLM4NG		3.366	5.173	5.074		0.529	0.432	0.039
B003LNU8PK		2.449	4.816	5.056		0.349	0.613	0.038
B003LPUPVU		2.978	4.452	5.083		0.911	0.075	0.014
B003LPUQLY		3.439	5.330	5.135		0.562	0.399	0.039
B003LPUQOG		3.359	5.447	5.023		0.579	0.383	0.038
B003LQMZS0		3.745	5.242	5.039		0.354	0.607	0.039
B003LQQGE4		3.521	5.036	5.126		0.389	0.571	0.040
B003LQQNQK		3.028	4.809	5.137		0.653	0.313	0.034
B003LQS5PC		3.335	4.482	5.087		0.513	0.449	0.038
B003LQSNTA		2.959	5.012	5.166		0.658	0.308	0.034
B003LQU0GO		3.375	4.959	5.189		0.610	0.354	0.036
B003LQU0XC		2.359	4.617	4.886		0.939	0.050	0.011
B003LVYHKO		2.992	4.486	5.215		0.610	0.354	0.035
B003LW7LEW		3.236	4.965	5.010		0.197	0.771	0.032
B003LZQBUY		2.723	4.692	5.256		0.699	0.269	0.032
B003M2XM9O		4.784	5.315	5.211		0.586	0.378	0.036
B003M9H68K		3.459	5.053	5.038		0.739	0.231	0.030
B003MUA5TG		3.675	5.032	5.255		0.361	0.600	0.039
B003MX1Q6E		3.644	4.664	5.089		0.130	0.494	0.376
B003N0JXNO		3.268	4.958	5.053		0.354	0.607	0.039
B003N9M6YI		3.405	4.563	5.243		0.707	0.263	0.031
B003NQTQRQ		3.254	5.268	5.095		0.131	0.843	0.026
B003NTKMLW		3.176	5.072	5.047		0.272	0.691	0.037
B003OBYTHM		3.386	5.115	5.072		0.387	0.575	0.038
B003OBYTN6		3.697	5.141	5.039		0.470	0.490	0.040
B003OBYTSG		3.589	5.044	5.064		0.443	0.518	0.039
B003ODZPI2		3.051	4.918	5.146		0.387	0.574	0.039
B003OEDYCA		3.399	5.047	5.200		0.363	0.599	0.038
B003OUWIIU		3.075	5.335	5.100		0.285	0.679	0.036
B003OUWIJY		3.210	5.181	5.110		0.199	0.769	0.032
B003OUWIP8		2.986	5.159	5.098		0.263	0.701	0.036
B003OZ3BPE		2.788	4.695	5.379		0.378	0.582	0.039
B003P6AHEK		2.500	4.313	5.208		0.429	0.532	0.039
B003PCYMP4		3.503	5.389	5.293		0.464	0.497	0.040
B003PGRHRU		3.211	5.118	5.434		0.705	0.263	0.032
B003PU31AS		2.517	4.671	4.988		0.818	0.158	0.024
B003QCJX0C		3.331	4.970	5.193		0.343	0.619	0.038
B003QP31IE		4.348	3.390	5.143		0.008	0.991	0.002
B003QP31MA		3.070	5.185	5.366		0.564	0.398	0.038
B003QP31RK		2.881	4.941	5.182		0.169	0.798	0.032
B003RCT3AG		3.329	5.136	5.071		0.382	0.579	0.039
B003S8750Y		3.076	5.202	5.071		0.191	0.779	0.031
B003SPA1K8		3.237	5.165	5.126		0.210	0.756	0.034
B003SRB6CI		3.219	4.929	4.989		0.381	0.581	0.038
B003SRL9WU		3.294	4.954	5.151		0.407	0.554	0.039
B003SRMTDS		2.811	4.456	4.949		0.424	0.537	0.039
B003SWZVGA		2.171	4.661	5.214		0.981	0.015	0.004
B003SX0B6E		3.366	5.082	5.132		0.632	0.333	0.036
B003T8N1XS		3.471	5.086	5.215		0.624	0.341	0.036
B003TJAGAS		3.526	4.867	5.141		0.499	0.462	0.039
B003TJAGB2		2.731	4.620	5.105		0.444	0.517	0.039
B003TJAGBM		2.968	5.045	4.941		0.570	0.393	0.037
B003TJAGC6		2.984	4.988	4.971		0.867	0.113	0.020
B003TMTG1K		3.285	5.312	5.246		0.153	0.818	0.028
B003TU83SE		3.555	4.959	5.035		0.423	0.538	0.039
B003TW546Q		3.268	4.702	5.433		0.509	0.453	0.038
B003TXVY14		3.291	4.965	4.977		0.485	0.477	0.039
B003TXZWOY		3.281	5.199	5.034		0.330	0.633	0.037
B003TY1MPG		2.662	5.055	5.162		0.964	0.029	0.007
B003TY1PX0		3.595	5.554	5.170		0.723	0.245	0.032
B003TY2GH4		3.412	5.244	5.108		0.676	0.290	0.034
B003TY5MR0		3.582	5.198	5.038		0.428	0.532	0.040
B003U4SJ1U		3.230	5.478	5.246		0.524	0.436	0.039
B003U6HCGQ		3.526	5.042	5.128		0.516	0.445	0.039
B003U9V18S		3.368	5.127	5.175		0.528	0.433	0.039
B003UB1JAG		2.897	5.799	5.228		0.728	0.240	0.032
B003UERR22		3.225	5.105	5.304		0.286	0.677	0.037
B003ULP592		3.473	5.300	5.151		0.464	0.497	0.040
B003ULP59M		2.965	4.919	5.137		0.674	0.292	0.034
B003UPDVG2		3.306	4.854	5.006		0.379	0.581	0.040
B003UPESKU		2.714	4.188	5.462		0.433	0.528	0.039
B003UTUEOU		2.928	5.115	5.108		0.500	0.461	0.039
B003UWY8LW		3.084	5.457	5.123		0.272	0.693	0.035
B003V5LA5K		2.620	4.875	4.919		0.389	0.572	0.039
B003V6V4EQ		3.124	5.020	5.124		0.540	0.422	0.038
B003VHYM44		3.520	5.826	5.027		0.562	0.399	0.039
B003VKGIHU		2.700	4.879	5.023		0.940	0.049	0.011
B003VKPDVW		2.844	4.616	5.116		0.556	0.407	0.037
B003VKYL3I		3.092	5.124	5.191		0.503	0.459	0.039
B003VKZD6M		3.878	4.956	5.096		0.583	0.381	0.037
B003VLAXN4		3.382	5.070	4.959		0.398	0.563	0.040
B003VLG4PK		3.267	5.119	5.033		0.307	0.655	0.038
B003VNKLFC		3.039	5.737	5.148		0.743	0.226	0.031
B003VNKLHA		2.980	4.993	4.875		0.855	0.124	0.021
B003VNKLI4		3.035	5.020	5.061		0.808	0.166	0.025
B003VNKLIE		2.846	4.847	5.145		0.692	0.275	0.032
B003VNKLIY		3.097	5.055	4.988		0.522	0.438	0.039
B003VS3QH2		3.226	5.157	4.947		0.690	0.277	0.033
B003VTM6IG		3.670	5.035	5.301		0.447	0.514	0.039
B003VTZKOI		3.748	4.973	5.244		0.659	0.307	0.034
